%time,field.header.seq,field.header.stamp,field.header.frame_id,field.pose.position.x,field.pose.position.y,field.pose.position.z,field.pose.orientation.x,field.pose.orientation.y,field.pose.orientation.z,field.pose.orientation.w
1538074294594974463,24,1538074294594640933,map,-0.00170836749021,-0.00784593541175,-0.00828833505511,-0.00257895067872,0.00760751845665,-0.000579358235798,-0.999967568984
1538074294837289397,25,1538074294837051269,map,-0.00152494607028,-0.00804268009961,-0.00837100856006,-0.00257598062818,0.00759615944832,-0.000597007619903,-0.99996765261
1538074295072096055,26,1538074295071675266,map,-0.00105234782677,-0.00829630997032,-0.00845083408058,-0.00255802439845,0.00757796756523,-0.000627101532739,-0.999967818313
1538074295323767826,27,1538074295323437059,map,-0.000472033687402,-0.00854802224785,-0.00854486227036,-0.00252934705221,0.00755361450817,-0.000626465299141,-0.999968075917
1538074295553761117,28,1538074295553593953,map,0.000185774391866,-0.0082697654143,-0.00867049954832,-0.00252934705221,0.00755361450817,-0.000626465299141,-0.999968075917
1538074295791583179,29,1538074295791324440,map,0.000713680521585,-0.00805612187833,-0.00882601458579,-0.00253069467082,0.0075165311464,-0.000664466387655,-0.999968327413
1538074296275030262,30,1538074296274827451,map,0.00106880860403,-0.0076408656314,-0.00961533561349,-0.00258024091231,0.00753225095065,-0.000672508002926,-0.999968077133
1538074296517178382,31,1538074296516957301,map,0.00110224611126,-0.0076200235635,-0.0101245576516,-0.00263631430224,0.00754134029877,-0.000692622220877,-0.999967848637
1538074296752848703,32,1538074296752517914,map,0.00120125897229,-0.00779153034091,-0.0105500696227,-0.00265709735308,0.00754532437425,-0.00069350471918,-0.999967762963
1538074296993535326,33,1538074296993325399,map,0.00142447894905,-0.00831688195467,-0.0107951555401,-0.00268977192861,0.00754247081451,-0.000696604483366,-0.99996769498
1538074297234407646,34,1538074297234171796,map,0.00179914897308,-0.00872779265046,-0.0107465460896,-0.0026818812092,0.00750653549579,-0.00069275392944,-0.999967989253
1538074297474181222,35,1538074297473772937,map,0.00204269005917,-0.00878354720771,-0.0106876026839,-0.0026681283438,0.00751503062785,-0.000716930318023,-0.999967945195
1538074297719962526,36,1538074297719372686,map,0.00212360871956,-0.00864597130567,-0.0107085444033,-0.00265502618238,0.00751405742396,-0.000708425687904,-0.999967993443
1538074297953578760,37,1538074297953321687,map,0.00219609471969,-0.00873331539333,-0.0106456009671,-0.00267006862001,0.00752180344892,-0.000727452443662,-0.999967881494
1538074298191754236,38,1538074298191484502,map,0.00213531940244,-0.00855979975313,-0.0105482116342,-0.00267051259345,0.00753591166061,-0.00071879167304,-0.999967780349
1538074298435384016,39,1538074298435093443,map,0.00213379366323,-0.0083171101287,-0.0106639172882,-0.00268159208005,0.00754846148425,-0.000754489696746,-0.999967629745
1538074298673268876,40,1538074298673087199,map,0.00241494039074,-0.00820027012378,-0.0108899977058,-0.00267207986187,0.00760127454863,-0.000768981244879,-0.999967244105
1538074298914805144,41,1538074298914563429,map,0.00276593700983,-0.00815681647509,-0.010903432034,-0.00268013428358,0.00758160807637,-0.000794319980634,-0.999967352045
1538074299152917571,42,1538074299152745415,map,0.0031071882695,-0.00796876568347,-0.0108082816005,-0.00273813266988,0.00758682329596,-0.000820521099228,-0.999967134203
1538074299392443228,43,1538074299392016995,map,0.00449257157743,-0.00943558942527,-0.00895194523036,-0.00244575928694,0.00783776464632,-0.000836969968957,-0.999965943014
1538074299635978073,44,1538074299635721703,map,0.000608815229498,-0.00855641625822,0.00469286832958,-0.00244575928694,0.00783776464632,-0.000836969968957,-0.999965943014
1538074299884183333,45,1538074299883645814,map,-0.0089416494593,-0.00394680257887,0.0417166426778,-0.0029300874415,-0.00860571736109,-0.000464003868757,-0.9999585696
1538074300113749349,46,1538074300113469434,map,-0.0220204275101,0.00326084764674,0.0834715217352,0.00228843825341,-0.0149915770208,0.00373223087466,-0.999878035623
1538074300352265949,47,1538074300352071332,map,-0.0294398143888,0.014693508856,0.126736909151,0.0161298433108,-0.0220717753259,0.00723673418726,-0.99960006731
1538074300591646004,48,1538074300591411888,map,-0.0329999960959,0.0124956136569,0.148934081197,0.0265693729557,-0.0087489540526,-0.000451205272199,-0.999608583715
1538074300833288899,49,1538074300832963868,map,-0.0313636064529,0.00895581394434,0.147118940949,0.0552827012267,-0.0133787883935,0.00282384379533,-0.998377111553
1538074301091647163,50,1538074301091389762,map,-0.0236010067165,0.00444675143808,0.137149050832,0.0573772343184,-0.0316984608193,0.00682168079418,-0.99782589926
1538074301315245568,51,1538074301314978977,map,-0.0146055668592,-0.00391370709985,0.123492904007,0.0705901479841,-0.032635310275,0.00701363060585,-0.99694672702
1538074301554017235,52,1538074301553818088,map,-0.00618048151955,-0.0135208759457,0.086270429194,0.0847288476062,-0.015758651849,0.00546379787444,-0.996264439889
1538074301795552281,53,1538074301795159582,map,0.00984081067145,-0.023034112528,0.0243213009089,0.0934881601995,-0.0112365528658,0.00422594692666,-0.995548012481
1538074302035743586,54,1538074302035572081,map,0.0186945889145,-0.0209419839084,0.0685233995318,0.0972928934191,-0.00289756262975,-0.00700204694654,-0.995226943144
1538074302286307368,55,1538074302286141917,map,0.0139292161912,-0.018450697884,0.183391943574,0.099687551014,0.00241705482181,-0.0108495642383,-0.994956701055
1538074302513556965,56,1538074302513267590,map,-0.000399292184738,-0.0102865733206,0.312196850777,0.0971570458521,0.00619407520377,0.00106544362721,-0.995249218389
1538074302752321035,57,1538074302751922382,map,-0.0181901436299,0.00261758361012,0.425688773394,0.0977635700423,0.00144787885961,0.00794263875489,-0.995176920205
1538074302995311047,58,1538074302995119467,map,-0.0391648970544,0.0148579953238,0.515027523041,0.0986095687002,0.00121062834724,0.0117363465216,-0.995056252435
1538074303233971973,59,1538074303233712937,map,-0.0603488013148,0.0313375368714,0.577484428883,0.0995200545802,0.000559265636474,0.0162978378658,-0.994901918
1538074303489035694,60,1538074303488669352,map,-0.0885185003281,0.0365045815706,0.636081278324,0.0585738055529,0.00542328914515,0.0115809718742,-0.998201171272
1538074303711308474,61,1538074303711124620,map,-0.112704657018,0.0339295268059,0.66856533289,0.0585738055529,0.00542328914515,0.0115809718742,-0.998201171272
1538074303955530550,62,1538074303955338675,map,-0.132832512259,0.025680705905,0.686464846134,0.102248731875,0.00515788190534,0.0282369798369,-0.994344641487
1538074304193011282,63,1538074304192739141,map,-0.143729135394,0.0195312704891,0.686106979847,0.0909922100275,0.0139423035075,0.0327316989189,-0.995215889028
1538074304433673448,64,1538074304433471377,map,-0.142796292901,0.0222158879042,0.677464008331,0.0893072370588,0.0118663033309,0.0360854884618,-0.99527948124
1538074304685150926,65,1538074304684921137,map,-0.137641683221,0.0250968560576,0.667583167553,0.0869600501148,0.0154787956846,0.0332730016888,-0.995535666828
1538074304911403561,66,1538074304911158184,map,-0.130848050117,0.0236821621656,0.654198527336,0.0900553812976,0.018217228591,0.034027032743,-0.99518858611
1538074305151834903,67,1538074305151561004,map,-0.126528635621,0.0179148837924,0.642148137093,0.0863107170562,0.0205918058299,0.0344138560136,-0.995460759733
1538074305396908240,68,1538074305396666688,map,-0.123626805842,0.0154354311526,0.630688428879,0.0868983551893,0.0198325487132,0.0378580080354,-0.995300013616
1538074305632783811,69,1538074305632369873,map,-0.121217995882,0.0176087711006,0.623249828815,0.0857013791686,0.0179625423878,0.0383512226171,-0.995420415906
1538074305886637171,70,1538074305886211682,map,-0.116553083062,0.028152583167,0.617203235626,0.091578887191,0.0163116771183,0.0390444575975,-0.994898370157
1538074306111981824,71,1538074306111846345,map,-0.110327064991,0.0440928637981,0.611219704151,0.0919561750108,0.0168610814501,0.0327865662921,-0.995080301725
1538074306355532543,72,1538074306355347636,map,-0.106038726866,0.0687254071236,0.61270147562,0.0694925052948,0.0239118954984,0.0082196886585,-0.997261976453
1538074306593439059,73,1538074306593081853,map,-0.101870290935,0.0982692316175,0.612355113029,0.0944960867589,0.0171624783983,-0.00650684991877,-0.995356016623
1538074306833517907,74,1538074306833297162,map,-0.0975233837962,0.114106819034,0.601287901402,0.119064200056,0.0109009139775,-0.0243532397608,-0.992527987541
1538074307082925655,75,1538074307082727847,map,-0.0943558961153,0.115420736372,0.591027796268,0.138487543444,-0.00122123064276,-0.034959087607,-0.989746215502
1538074307311611509,76,1538074307311435298,map,-0.0931330472231,0.111069396138,0.581280946732,0.1577033168,-0.0105002916683,-0.046693442837,-0.986326076985
1538074307556358838,77,1538074307556020269,map,-0.095289722085,0.105806238949,0.575375914574,0.176881497266,-0.0190299517479,-0.0618539896787,-0.982102276152
1538074307795747225,78,1538074307795343588,map,-0.0990790426731,0.104164883494,0.570672035217,0.202206049742,-0.0288125881622,-0.0719455575093,-0.976271675798
1538074308035280349,79,1538074308034661217,map,-0.102272808552,0.108720161021,0.574225068092,0.214881791293,-0.0383586588728,-0.0813248089852,-0.972492007424
1538074308282881996,80,1538074308282295042,map,-0.101886935532,0.121254161,0.579736888409,0.223267419214,-0.0442519655691,-0.087521544406,-0.969811013716
1538074308516749359,81,1538074308516491642,map,-0.0957321450114,0.14445361495,0.583806812763,0.231285424742,-0.050023135275,-0.0904778914545,-0.9673771185
1538074308755910782,82,1538074308755598115,map,-0.0856348127127,0.179691955447,0.585424661636,0.23308037894,-0.052509045277,-0.0914191447753,-0.966725854152
1538074308994085178,83,1538074308993750930,map,-0.0726779028773,0.226028457284,0.577066302299,0.233466549868,-0.0513867135857,-0.0880612002266,-0.967004653957
1538074309235876665,84,1538074309235657286,map,-0.0605091676116,0.276686877012,0.566090762615,0.230127938341,-0.0519842615225,-0.0876532031039,-0.96780973571
1538074309479087118,85,1538074309478634807,map,-0.0501891672611,0.326489657164,0.552558660507,0.230640181668,-0.053068283548,-0.0845545138277,-0.967904643068
1538074309715359775,86,1538074309714966530,map,-0.0412007384002,0.369825750589,0.536078453064,0.233146885702,-0.0542760422581,-0.0824859958994,-0.96741547507
1538074309955867851,87,1538074309955665753,map,-0.0346278473735,0.401903480291,0.522575139999,0.235691304499,-0.0573492816234,-0.0820715549357,-0.96665657229
1538074310193801150,88,1538074310193577458,map,-0.0309635382146,0.424153983593,0.511727392673,0.235802583889,-0.0573574386782,-0.080307523294,-0.966777103247
1538074310434306508,89,1538074310433786242,map,-0.0292519461364,0.433194845915,0.502688646317,0.235796706877,-0.0582420473996,-0.0804629454068,-0.966712724317
1538074310682896086,90,1538074310682688956,map,-0.0291673876345,0.43345105648,0.496213972569,0.237210266452,-0.0594579454781,-0.0790242457031,-0.966411512142
1538074310915786562,91,1538074310915579508,map,-0.0299054607749,0.426811188459,0.491920888424,0.238443124083,-0.0597809615114,-0.0781544880101,-0.966158884047
1538074311157107748,92,1538074311156881553,map,-0.0314435102046,0.416443139315,0.490040779114,0.239683230413,-0.0606032996688,-0.0779032486905,-0.965821035685
1538074311394814333,93,1538074311394631523,map,-0.0334912873805,0.401983648539,0.49099624157,0.240046464962,-0.0610994634356,-0.0782472023186,-0.965671748348
1538074311635994687,94,1538074311635797083,map,-0.035525560379,0.384874284267,0.492098391056,0.239690962556,-0.0607760555242,-0.0777311293541,-0.965822129107
1538074311877419126,95,1538074311877200578,map,-0.0373197197914,0.368853390217,0.491073429585,0.240276959671,-0.0607247297842,-0.0747110956853,-0.965918082461
1538074312112094210,96,1538074312111868976,map,-0.0394360311329,0.357683688402,0.490392565727,0.240054912928,-0.0623225573935,-0.0718301392908,-0.966090041719
1538074312371437374,97,1538074312371256558,map,-0.0424088314176,0.352798819542,0.491188824177,0.239314435087,-0.0631344185034,-0.0700259252498,-0.966353463362
1538074312590239197,98,1538074312590072338,map,-0.0448754057288,0.350980103016,0.492472529411,0.239709806907,-0.0628893381847,-0.0686495173332,-0.966370210315
1538074312835985594,99,1538074312835780205,map,-0.0450882911682,0.346886008978,0.492686510086,0.241308061728,-0.0625673835626,-0.0678276307637,-0.966051320771
1538074313076710417,100,1538074313076508003,map,-0.0449059456587,0.326343595982,0.49662822485,0.239276064163,-0.0613974140154,-0.069742144382,-0.966495398834
1538074313313300412,101,1538074313313069160,map,-0.0450872071087,0.277027726173,0.503180325031,0.218915472839,-0.052595750428,-0.0681095751011,-0.971941761922
1538074313573601386,102,1538074313573381243,map,-0.0474807284772,0.220559492707,0.515163004398,0.187974606159,-0.0459781630061,-0.0456536148445,-0.980034337877
1538074313793503741,103,1538074313793058113,map,-0.0564303398132,0.179134711623,0.522550940514,0.144842759187,-0.0205011086266,-0.0245066701168,-0.988938674932
1538074314033476069,104,1538074314033149372,map,-0.064761094749,0.162216767669,0.524758458138,0.0874367389071,0.003755882452,-0.00177414470878,-0.996161413852
1538074314274885639,105,1538074314274453768,map,-0.0719140991569,0.158651143312,0.526646018028,0.0377442292277,0.0254490427585,0.0155627498708,-0.998842089721
1538074314514216256,106,1538074314513844886,map,-0.077030107379,0.152110978961,0.524627447128,0.00645015589538,0.037286006658,0.0430636385614,-0.998355483899
1538074314766024614,107,1538074314765569072,map,-0.0799065306783,0.138403922319,0.526463031769,-0.0139857193483,0.0456844258941,0.0761205883582,-0.995953306593
1538074314990482714,108,1538074314990243730,map,-0.07835277915,0.121210247278,0.533755540848,-0.030334150302,0.0602189664503,0.107996288577,-0.991862045377
1538074315236792436,109,1538074315236435082,map,-0.0768009200692,0.0982989817858,0.531976878643,-0.0434337971106,0.0840868377198,0.134048203828,-0.986445126726
1538074315473762791,110,1538074315473471099,map,-0.0662075281143,0.0815275534987,0.528991580009,-0.0494288579227,0.0966527442615,0.162340611651,-0.980744901001
1538074315712264705,111,1538074315712055631,map,-0.0487039647996,0.066170334816,0.530336499214,-0.0494288579227,0.0966527442615,0.162340611651,-0.980744901001
1538074315965213888,112,1538074315964918329,map,-0.0372331887484,0.0327824130654,0.543292880058,-0.0499967116445,0.106945766703,0.179272615609,-0.9766904633
1538074316196259855,113,1538074316195922075,map,-0.0382308810949,-0.0342734456062,0.55602991581,-0.0445739611162,0.106168141294,0.177455847025,-0.97736938264
1538074316435882710,114,1538074316435685088,map,-0.0502184703946,-0.129323005676,0.56697499752,-0.0420829096529,0.102603971255,0.177929271085,-0.977774323803
1538074316674467096,115,1538074316674217062,map,-0.0678626075387,-0.229856610298,0.577405273914,-0.0428117033629,0.0994147906068,0.179787482569,-0.977732232554
1538074316914135146,116,1538074316913863495,map,-0.093043781817,-0.327288210392,0.589320480824,-0.0441278432821,0.0983086408495,0.181346414587,-0.977497632989
1538074317153693381,117,1538074317153394473,map,-0.11805895716,-0.407111257315,0.597437977791,-0.0413935600428,0.0970627014853,0.181039966438,-0.977798514889
1538074317396205224,118,1538074317395981598,map,-0.137593895197,-0.463738888502,0.603525578976,-0.035609425731,0.0922237231344,0.182279764773,-0.978264197978
1538074317634885120,119,1538074317634627384,map,-0.153105929494,-0.4974578619,0.608433187008,-0.0340754023335,0.0912956741449,0.180961312146,-0.978650586443
1538074317873616910,120,1538074317873431274,map,-0.163812309504,-0.51381957531,0.608265638351,-0.0341696017091,0.0913505428641,0.180217115425,-0.978779499144
1538074318113463974,121,1538074318113201876,map,-0.169933333993,-0.512467741966,0.607231795788,-0.0337690371451,0.0884663281398,0.180311030789,-0.979041006849
1538074318378239239,122,1538074318378037412,map,-0.170720547438,-0.496557950974,0.604933798313,-0.033588653071,0.0890462482943,0.179990437036,-0.979053630107
1538074318598344999,123,1538074318597861152,map,-0.166675403714,-0.470900565386,0.600014269352,-0.0326076512832,0.0868573235721,0.179396997485,-0.979392293064
1538074318837468829,124,1538074318837323443,map,-0.157815918326,-0.436974674463,0.592609524727,-0.0303573275119,0.0849383943076,0.179619298623,-0.979592164832
1538074319072771017,125,1538074319072513058,map,-0.148890644312,-0.408251345158,0.586920022964,-0.0246009808582,0.0801026548184,0.179486556749,-0.98018515209
1538074319313292691,126,1538074319313117095,map,-0.14196318388,-0.380901008844,0.582643032074,-0.0235602217461,0.0775509844903,0.178310151491,-0.980630537272
1538074319572544503,127,1538074319572367672,map,-0.136649236083,-0.357463926077,0.581060767174,-0.0220887419085,0.0757275950507,0.178745678482,-0.980727995549
1538074319794303533,128,1538074319794085105,map,-0.131718710065,-0.338003873825,0.579529821873,-0.0207969852824,0.074827269903,0.178678277682,-0.980837620693
1538074320032892092,129,1538074320032672328,map,-0.125090166926,-0.320790112019,0.578316092491,-0.0209018183648,0.0748999806004,0.178553456343,-0.980852573083
1538074320271774930,130,1538074320271567815,map,-0.117838859558,-0.307899475098,0.574936509132,-0.0187651898108,0.0764956403875,0.176827164658,-0.981085337008
1538074320510576187,131,1538074320510347577,map,-0.111130319536,-0.300210744143,0.570786476135,-0.0142145125402,0.0745628564687,0.175696197082,-0.981513715849
1538074320768250721,132,1538074320767894716,map,-0.105862729251,-0.296822965145,0.564245402813,-0.0067526885623,0.0718687131375,0.1743786529,-0.982029212744
1538074320991133923,133,1538074320990914192,map,-0.100727543235,-0.295259982347,0.564562737942,0.00416225886148,0.0631257633095,0.174940556727,-0.982544459666
1538074322192768147,134,1538074322192575822,map,-0.0789543688297,-0.259889006615,0.559014201164,0.0341724558753,0.0512863146016,0.187563283604,-0.980317281209
1538074322434898147,135,1538074322434657530,map,-0.0708156228065,-0.239754587412,0.552193582058,0.0976922912405,-0.00872310941952,0.169137191791,-0.980700124374
1538074322673489308,136,1538074322673273406,map,-0.0547065250576,-0.204172492027,0.553846240044,0.0914137950857,-0.0152847511321,0.148945823534,-0.984492273257
1538074323152708750,137,1538074323152444079,map,-0.0300827659667,-0.163913145661,0.543053507805,0.0946131263726,-0.0169313010578,0.116215212411,-0.988562447075
1538074324114749226,138,1538074324114051889,map,-0.0802767947316,-0.300550967455,0.546152174473,0.0946131263726,-0.0169313010578,0.116215212411,-0.988562447075
1538074324356721977,139,1538074324356388415,map,-0.124479986727,-0.368244737387,0.555155932903,0.128508624977,-0.0236735492203,0.0436839170402,-0.990462928012
1538074324594405979,140,1538074324594048969,map,-0.141992017627,-0.386912852526,0.557500302792,0.126435009057,-0.0221098114893,0.0460473876378,-0.990658862986
1538074324837313084,141,1538074324836877888,map,-0.133550256491,-0.354030579329,0.548702061176,0.125969469978,-0.020857615055,0.047217653947,-0.990690236998
1538074325075854207,142,1538074325075421263,map,-0.110357128084,-0.286940127611,0.539992749691,0.124477206877,-0.0239275213269,0.0498777241438,-0.990679116226
1538074325316889985,143,1538074325316489484,map,-0.0776950344443,-0.196814879775,0.528660237789,0.123937167887,-0.0233012559818,0.0531221635032,-0.990593087817
1538074325568361087,144,1538074325567537659,map,-0.0415939986706,-0.102412998676,0.51580953598,0.12359878525,-0.022826263878,0.0577718015561,-0.990386147372
1538074325795239958,145,1538074325794885562,map,-0.00718118529767,-0.0184607170522,0.503703474998,0.123221449114,-0.0243641600181,0.0592068210949,-0.990311776422
1538074326051083471,146,1538074326050671479,map,0.0219752844423,0.0514390356839,0.495586156845,0.122884629421,-0.0268227318681,0.0615811154511,-0.990145279808
1538074326272778145,147,1538074326272547184,map,0.0424476824701,0.0995370224118,0.489726752043,0.121578970292,-0.0259149496674,0.0627029390528,-0.99026022378
1538074326512821706,148,1538074326512682489,map,0.055546656251,0.125123590231,0.484427124262,0.119856837672,-0.0254015949298,0.0653831981343,-0.990310120538
1538074326761858479,149,1538074326761423417,map,0.0621274448931,0.135173335671,0.48314884305,0.117328236403,-0.0267142179979,0.0662212885593,-0.990522678408
1538074326992780487,150,1538074326992560998,map,0.0640416294336,0.135295122862,0.483551561832,0.116988566607,-0.0269032377375,0.0666811578955,-0.990526887199
1538074327233815490,151,1538074327233483094,map,0.0621027089655,0.124222293496,0.482654601336,0.118429940417,-0.027837032418,0.0668721973146,-0.990316897799
1538074327477477137,152,1538074327477264242,map,0.0555521547794,0.0983728170395,0.478028744459,0.116535540217,-0.0265050395331,0.0664139779403,-0.990608971431
1538074327712081400,153,1538074327711836912,map,0.048430018127,0.0727916881442,0.474812418222,0.111713421758,-0.0277854323785,0.0678555644009,-0.991031635987
1538074327962135715,154,1538074327961674090,map,0.0387209169567,0.0509033724666,0.478270828724,0.109884082662,-0.0303048397386,0.0683359244184,-0.991129308668
1538074328192976402,155,1538074328192534723,map,0.0283542890102,0.0324079431593,0.483487159014,0.110100994216,-0.0303129807719,0.0702281675895,-0.990972703331
1538074328433348093,156,1538074328432968346,map,0.019514195621,0.0151584967971,0.486180692911,0.110622049362,-0.0295151115261,0.070127085939,-0.990945917901
1538074328673304376,157,1538074328672856817,map,0.0144755654037,0.000353538431227,0.484656691551,0.110840404461,-0.0298314505606,0.0717753176593,-0.990794021516
1538074328916869401,158,1538074328916627813,map,0.0106389559805,-0.0117809446529,0.484259128571,0.109444966435,-0.0311872665131,0.0712134147771,-0.990947931672
1538074329158804730,159,1538074329158309174,map,0.007951579988,-0.0212968699634,0.483409106731,0.109630489896,-0.0314029356749,0.0723107655567,-0.990841139891
1538074329392739555,160,1538074329392460867,map,0.00705347163603,-0.0282182451338,0.483905911446,0.109838124359,-0.0327303213255,0.0727869910057,-0.990740312314
1538074329877346699,161,1538074329877021901,map,0.0107844509184,-0.030801512301,0.482133835554,0.111567143066,-0.0332144651871,0.0749568793574,-0.990369142354
1538074330113092932,162,1538074330112903290,map,0.0125215081498,-0.0295426268131,0.482317149639,0.110430172916,-0.0330662128539,0.0748791464602,-0.990507403255
1538074330354300550,163,1538074330354058488,map,0.0147093385458,-0.0268952473998,0.48005643487,0.110430172916,-0.0330662128539,0.0748791464602,-0.990507403255
1538074330592840231,164,1538074330592469381,map,0.0150649510324,-0.0249384455383,0.475084841251,0.106440284518,-0.0310870896466,0.0737410501593,-0.991093495191
1538074330851183458,165,1538074330850831035,map,-0.0144277988002,-0.0180995687842,0.47463619709,0.097338853145,-0.0207215775244,0.0711861061391,-0.992485920397
1538074331071076620,166,1538074331070891206,map,-0.059845648706,0.0206626951694,0.482021272182,0.087000425223,0.0141083693733,0.0942339617179,-0.991640983614
1538074331313405373,167,1538074331312975489,map,-0.111998043954,0.0554202012718,0.499207794666,0.0519930962607,0.0766505507117,0.100539923924,-0.990612504824
1538074331554434361,168,1538074331554235493,map,-0.15564852953,0.0814655572176,0.545232951641,0.0392446043026,0.130625564866,0.124558075872,-0.982793014104
1538074331793946345,169,1538074331793697763,map,-0.167367711663,0.0828878283501,0.59827119112,0.0437180874495,0.192929186221,0.166184102994,-0.966048602217
1538074332051555548,170,1538074332051330990,map,-0.128975555301,0.0467776432633,0.605220615864,0.0510518384166,0.245108973964,0.183836313594,-0.950536433011
1538074332273213927,171,1538074332272703095,map,-0.0797669366002,-0.0058354428038,0.577926814556,0.0536858521264,0.262219041273,0.190979451397,-0.944397084292
1538074332512950071,172,1538074332512697239,map,-0.0525676719844,-0.035919778049,0.552561759949,0.0588139575566,0.256845325826,0.206131503837,-0.942380602582
1538074332773219559,173,1538074332772984497,map,-0.0605773255229,-0.0393266454339,0.541236162186,0.0662129235733,0.254645474366,0.207149545925,-0.942263549523
1538074332993888890,174,1538074332993716948,map,-0.106316976249,-0.0234116856009,0.549530088902,0.0720984663342,0.248911232816,0.207126336057,-0.943368268621
1538074333230624034,175,1538074333230406881,map,-0.176690712571,0.00485413474962,0.572156608105,0.0784066942153,0.240442105581,0.210668840842,-0.944276772808
1538074333473414839,176,1538074333473001986,map,-0.255435883999,0.0460758954287,0.605400502682,0.0773364998999,0.236571247631,0.213402499028,-0.944728788588
1538074333713700999,177,1538074333713312039,map,-0.328995674849,0.0838842242956,0.637741029263,0.0735027404954,0.236207863572,0.209335935963,-0.94603470245
1538074333955288101,178,1538074333955064666,map,-0.388955354691,0.111153237522,0.668411493301,0.0736374359792,0.230459568993,0.207881345092,-0.947761183761
1538074334193773194,179,1538074334193522806,map,-0.433165132999,0.125232324004,0.693065643311,0.0722920143055,0.229646466652,0.206343347482,-0.948398011371
1538074334456609198,180,1538074334456343055,map,-0.461536437273,0.127446219325,0.712035953999,0.0692750156795,0.227534012357,0.206595124195,-0.949077288782
1538074334675156789,181,1538074334674778064,map,-0.4746735394,0.123151987791,0.726504385471,0.0691320725343,0.224137960853,0.209242430849,-0.94931582531
1538074334916704449,182,1538074334916252402,map,-0.473076224327,0.113870047033,0.732767283916,0.0680656274642,0.223240410588,0.211059120772,-0.949202210795
1538074335154085130,183,1538074335153791559,map,-0.460773080587,0.0992403998971,0.731902480125,0.0650580598403,0.220475519104,0.211444912784,-0.949973180244
1538074335395842265,184,1538074335395582031,map,-0.437146663666,0.0824252292514,0.726369082928,0.0632824161517,0.216189316813,0.214151046824,-0.950471906079
1538074335670653940,185,1538074335670335561,map,-0.405274361372,0.0628213509917,0.721357643604,0.0653436655883,0.205109460054,0.214478135668,-0.952711626928
1538074335873099715,186,1538074335872789962,map,-0.349460154772,0.0349009297788,0.707820415497,0.0653618189047,0.198046673136,0.20732753828,-0.955782736693
1538074336115594855,187,1538074336115199499,map,-0.28437268734,-0.00705578783527,0.66757017374,0.0501936054844,0.16727352127,0.183964452683,-0.967293777091
1538074336354066400,188,1538074336353624220,map,-0.222183436155,-0.0222098138183,0.613114237785,0.04954832611,0.0944274008842,0.139647722205,-0.984442452876
1538074336594208633,189,1538074336593979382,map,-0.201643511653,-0.0126101113856,0.582499682903,0.0617280282859,0.0303106597196,0.0811576608544,-0.99432607756
1538074336844029529,190,1538074336843666965,map,-0.231777310371,0.000935207703151,0.595147073269,0.0512701496812,0.00362547037286,0.0526417995606,-0.997289861903
1538074337075415052,191,1538074337075227605,map,-0.274466246367,0.020355289802,0.621173202991,0.046324627464,0.00294465105468,0.0605435424692,-0.997085672039
1538074337315528241,192,1538074337315291314,map,-0.295281141996,0.0376074947417,0.629732906818,0.051551734634,0.00737839743211,0.0649442779986,-0.996529085708
1538074337553432939,193,1538074337553215802,map,-0.282550126314,0.0447455234826,0.625353217125,0.0539114662569,0.00607472642476,0.0639214693391,-0.99647915044
1538074337793450113,194,1538074337793015223,map,-0.245842009783,0.040939476341,0.637580573559,0.0558336320873,0.00141529932603,0.0612993990113,-0.996555560988
1538074338045179965,195,1538074338044971496,map,-0.198112621903,0.0231637991965,0.648790955544,0.0702865684043,0.00565730107724,0.0577092583572,-0.995840064843
1538074338273102958,196,1538074338272850634,map,-0.145845860243,-0.00887772999704,0.639448344707,0.0766089549276,0.020475335969,0.0601493520106,-0.995034614521
1538074338515599372,197,1538074338515334832,map,-0.0844252035022,-0.0351311378181,0.596374392509,0.0836815828239,0.0325019630976,0.0741188250127,-0.993200591457
1538074338753233342,198,1538074338753015015,map,-0.0280730631202,-0.0527716763318,0.539400160313,0.0878087519827,0.0357810417929,0.0765690275164,-0.992545477119
1538074338992884404,199,1538074338992675243,map,0.0126981614158,-0.0593359135091,0.496862709522,0.0880996590195,0.034172255731,0.0795240398551,-0.99234400996
1538074339245865047,200,1538074339245618859,map,0.0352568030357,-0.0638791248202,0.4729167521,0.0871627882101,0.0375626358553,0.0801427410566,-0.992254421907
1538074339475238652,201,1538074339475081125,map,0.0437542237341,-0.0669901296496,0.465123444796,0.0837608286135,0.0391920416118,0.0831026294892,-0.992240928624
1538074339713657378,202,1538074339713425635,map,0.0388726443052,-0.0712104290724,0.471452116966,0.0782125242807,0.0418437300613,0.0818064326987,-0.992693110115
1538074339953330566,203,1538074339953081427,map,0.0225513353944,-0.0727994143963,0.492114067078,0.0772822468754,0.0394403046173,0.0831030237876,-0.992756669143
1538074340192208042,204,1538074340191980140,map,0.000997345428914,-0.0739396587014,0.518030881882,0.0764134805491,0.0387185414602,0.0830852413479,-0.992853814621
1538074340673232044,205,1538074340673026992,map,-0.0464252717793,-0.0714688152075,0.577384114265,0.0732542513694,0.032597567989,0.0863992139758,-0.993028896378
1538074340915318330,206,1538074340915123301,map,-0.0662479475141,-0.068200327456,0.599749624729,0.0700406749561,0.0337963852347,0.0871659452566,-0.993153666954
1538074341155499747,207,1538074341155161597,map,-0.0812183693051,-0.0649787187576,0.616340219975,0.0691316905394,0.0315712152527,0.087584835627,-0.993253726043
1538074341392049908,208,1538074341391791770,map,-0.0918663516641,-0.0622872449458,0.627847135067,0.0687223703875,0.0298028444967,0.0885812177133,-0.993248405051
1538074341648359429,209,1538074341648096302,map,-0.0980986952782,-0.0593488402665,0.635878562927,0.0660429074423,0.029359485041,0.0894321361887,-0.99336712651
1538074341875102946,210,1538074341874880577,map,-0.0987681597471,-0.0562088377774,0.636553645134,0.0651605426838,0.0314744846943,0.0899553202116,-0.993313395085
1538074342115557983,211,1538074342115296019,map,-0.0982632562518,-0.0541688725352,0.637413561344,0.0651605426838,0.0314744846943,0.0899553202116,-0.993313395085
1538074342356044420,212,1538074342355751204,map,-0.0959461629391,-0.0520347394049,0.634367287159,0.0617546451015,0.031384846198,0.0895620379591,-0.993569321484
1538074342590355026,213,1538074342590062614,map,-0.0892880782485,-0.0560821481049,0.616620540619,0.060096689283,0.0307597024975,0.0882821675918,-0.993805055091
1538074342840796285,214,1538074342840612262,map,-0.0807081758976,-0.0650487467647,0.584320306778,0.0551014722176,0.023653075199,0.0877029008314,-0.994340264185
1538074343073374548,215,1538074343073195015,map,-0.0726583823562,-0.0628706663847,0.556798100471,0.0530127089698,0.00567274107528,0.0902443167332,-0.994491546467
1538074343313464051,216,1538074343313267080,map,-0.0661666989326,-0.0548860430717,0.536127328873,0.0492288570322,-0.00941422914745,0.0860832373485,-0.995026415816
1538074343555663874,217,1538074343555349885,map,-0.0626813545823,-0.0490546748042,0.522187173367,0.0446022248863,-0.0249401879899,0.0789939972138,-0.995564451436
1538074343793651057,218,1538074343793459880,map,-0.0631166696548,-0.052461322397,0.509104251862,0.0421662121612,-0.0401106757012,0.0729739364423,-0.99563444539
1538074344039743310,219,1538074344039368638,map,-0.0658387690783,-0.0586590208113,0.504891693592,0.0356379207839,-0.0577737534303,0.0734124813594,-0.994988813805
1538074344273528011,220,1538074344273155082,map,-0.0668830946088,-0.0618161074817,0.502976179123,0.0356379207839,-0.0577737534303,0.0734124813594,-0.994988813805
1538074344515492297,221,1538074344515252256,map,-0.068792052567,-0.0656238421798,0.507678806782,0.0169120903559,-0.0743140565733,0.0737781050579,-0.994358181648
1538074344753919233,222,1538074344753701116,map,-0.0716565847397,-0.0724218934774,0.516778945923,0.010049520696,-0.0755594148394,0.0723203945,-0.994464450095
1538074344997839669,223,1538074344997567439,map,-0.0740767270327,-0.0822968706489,0.525886833668,0.00661247391977,-0.0739398839229,0.0715939029513,-0.994667523253
1538074345241008405,224,1538074345240798361,map,-0.0764524713159,-0.093779027462,0.537201344967,0.00551829283243,-0.0749746541487,0.0708156290223,-0.994652450038
1538074345473935125,225,1538074345473586556,map,-0.0776630267501,-0.107206664979,0.549188971519,0.0075337300235,-0.0746829172002,0.0709990200799,-0.994648100555
1538074345714899063,226,1538074345714469517,map,-0.072066321969,-0.127873212099,0.567452430725,0.00969237165886,-0.0707532310336,0.0688783668744,-0.995065730898
1538074345955312961,227,1538074345955064107,map,-0.058310508728,-0.153337195516,0.590595424175,0.0209916796542,-0.0478928310245,0.0684202097909,-0.996285250826
1538074346193874290,228,1538074346193652200,map,-0.0525724440813,-0.180186361074,0.600783765316,0.0416381036863,-0.0105987373508,0.0653922060532,-0.996934197666
1538074346440110401,229,1538074346439897973,map,-0.0512309446931,-0.134445413947,0.571372687817,0.0520247006481,-0.00717132552594,0.062756841591,-0.996646166624
1538074346672601482,230,1538074346672351882,map,-0.0476835519075,-0.0882735028863,0.534268200397,0.0496802466302,-0.0080829591682,0.064088534476,-0.996674068397
1538074346920887692,231,1538074346920685831,map,-0.0407264009118,-0.0630998238921,0.502270281315,0.0519212013303,-0.0082581534012,0.0616578571273,-0.996711743891
1538074347155721517,232,1538074347155424363,map,-0.0282085705549,-0.0492154434323,0.474500358105,0.0547660934823,-0.0128450045735,0.0599842091394,-0.99661305205
1538074347393698540,233,1538074347393430778,map,-0.0105238342658,-0.0407188087702,0.448297411203,0.0609909756695,-0.0163936159187,0.0562298697526,-0.99641836193
1538074347641480701,234,1538074347641244259,map,0.0104279834777,-0.0345481000841,0.429080456495,0.0591331581351,-0.0129038211482,0.0429666913506,-0.997241507581
1538074347872698820,235,1538074347872292689,map,0.0240178517997,-0.0319799520075,0.444738715887,0.0647706999493,-0.018305876984,0.0360978614744,-0.997079031819
1538074348122354359,236,1538074348121924357,map,0.0312879197299,-0.0354024060071,0.471912026405,0.0823449287674,-0.0190544427492,0.0391936887658,-0.995650589152
1538074348352089781,237,1538074348351893249,map,0.0366472527385,-0.0419826060534,0.487079769373,0.0812570465362,0.00335690625397,0.0468908170853,-0.995583886391
1538074348593853845,238,1538074348593569683,map,0.0429100580513,-0.0443751327693,0.481668055058,0.0843805041921,0.0236304829144,0.0518462235877,-0.994803246823
1538074348837807488,239,1538074348837567154,map,0.0466587878764,-0.0395349338651,0.469649583101,0.0950796511871,0.0283424090959,0.0533060866401,-0.9936372723
1538074349075470025,240,1538074349075236036,map,0.046895802021,-0.0390907227993,0.445679187775,0.112149862834,0.0344363716918,0.0544251977655,-0.991601957652
1538074349313632860,241,1538074349313378490,map,0.0482532456517,-0.0414740070701,0.424521803856,0.107344900236,0.041282482188,0.061048709427,-0.991486703963
1538074349551831567,242,1538074349551597432,map,0.0475878491998,-0.0477725118399,0.415014654398,0.112151081813,0.0468185704436,0.0586437970074,-0.99085370332
1538074349793899163,243,1538074349793589581,map,0.0424210503697,-0.0533525310457,0.421553701162,0.119234508166,0.044358162801,0.0596536795391,-0.99007925136
1538074350043480504,244,1538074350043238764,map,0.0331205092371,-0.0531997606158,0.447063297033,0.116741380483,0.0461467591485,0.0600822318481,-0.990268676733
1538074350274647041,245,1538074350274417152,map,0.0209560319781,-0.0485984794796,0.486281037331,0.120687398932,0.0443776208911,0.0625336938149,-0.989724565544
1538074350513809043,246,1538074350513563770,map,0.00875139795244,-0.043217394501,0.528356790543,0.123405755368,0.0424569847995,0.0631832156569,-0.989432314635
1538074350755761100,247,1538074350755536819,map,-0.0026043036487,-0.0365966707468,0.570209741592,0.120836853289,0.0395903527442,0.063912989959,-0.98982129123
1538074350992918480,248,1538074350992778095,map,-0.00923521164805,-0.0270074252039,0.604229569435,0.118243521526,0.0405082465178,0.0641634303346,-0.990081110712
1538074351235418063,249,1538074351235159680,map,-0.0130949281156,-0.0150361768901,0.636546194553,0.115169605122,0.0372012835948,0.0638165771275,-0.990595513335
1538074351475942927,250,1538074351475662805,map,-0.0121002783999,-0.00547828432173,0.655111253262,0.112366281397,0.0405790875321,0.0628935065178,-0.990843864238
1538074351730840527,251,1538074351730617558,map,-0.0107625927776,-0.00216345209628,0.667181611061,0.109293709549,0.0373865244626,0.0614201296215,-0.991405416829
1538074351952281267,252,1538074351952032918,map,-0.01078633219,-0.00470704445615,0.673934936523,0.107556228157,0.0368093741836,0.0616043250508,-0.991605584339
1538074352196009369,253,1538074352195643825,map,-0.00984576530755,-0.00963074155152,0.673628330231,0.108804217383,0.0346506258266,0.0620903783237,-0.991516899165
1538074352434315619,254,1538074352433993522,map,-0.00807435903698,-0.0159966181964,0.670160233974,0.104166464458,0.0335402839349,0.0617970506835,-0.992071328868
1538074352674127485,255,1538074352673932401,map,-0.00313439895399,-0.0218024812639,0.659705340862,0.103206369556,0.0334358192763,0.0642464372055,-0.992019599896
1538074352928454948,256,1538074352928152614,map,0.00281474390067,-0.0252571646124,0.649352252483,0.101332378284,0.0310502372196,0.0657922769047,-0.992188998215
1538074353392441970,257,1538074353391987247,map,0.00880803912878,-0.0323173068464,0.627424478531,0.099050670076,0.0262978708971,0.0658196595414,-0.99255486456
1538074353635717584,258,1538074353635497774,map,0.0120599465445,-0.0405669920146,0.598383963108,0.0953396694403,0.0251461965295,0.064205800691,-0.993053690084
1538074353872271415,259,1538074353871876271,map,0.0181181747466,-0.0450299158692,0.555573701859,0.087219387147,0.0141213953863,0.0637276442837,-0.994048365047
1538074354124805687,260,1538074354124509497,map,0.0256243739277,-0.0446286872029,0.510496139526,0.0806735698806,-0.0048935435468,0.0543185435959,-0.995247368334
1538074354353835586,261,1538074354353603051,map,0.0263060852885,-0.0496405437589,0.487357586622,0.0548450450914,-0.0237147196107,0.0418454050122,-0.997335748473
1538074354594700023,262,1538074354594395689,map,0.0208247676492,-0.0594744198024,0.492445468903,0.0382960320504,-0.0386739861842,0.0340743915402,-0.99793620666
1538074354836753062,263,1538074354836324818,map,0.018843954429,-0.0628607645631,0.502954900265,0.0432194999975,-0.0467891476593,0.0266560682361,-0.997613304095
1538074355075231779,264,1538074355074836550,map,0.0179067961872,-0.0610979050398,0.515762031078,0.053116730558,-0.0486996555743,0.0136820196902,-0.997306251268
1538074355321867946,265,1538074355321572917,map,0.0182402208447,-0.055170327425,0.524534344673,0.0574706442614,-0.0409788123042,0.00567593743081,-0.997489671989
1538074355553915111,266,1538074355553665255,map,0.0202061831951,-0.0489245317876,0.520619809628,0.0597377954812,-0.0392841360999,0.00257584121583,-0.997437475476
1538074355794934696,267,1538074355794749812,map,0.0257056001574,-0.0415564328432,0.499634206295,0.0619941871988,-0.0382394070653,0.00394978118797,-0.997335885111
1538074356035084553,268,1538074356034743243,map,0.0323314629495,-0.0376547537744,0.47509303689,0.0600969797741,-0.0399186502031,0.00372002461894,-0.997387094264
1538074356273151818,269,1538074356272958747,map,0.0399146974087,-0.0361513644457,0.446218758821,0.0590843067055,-0.0417312755978,0.00610592141504,-0.997361651088
1538074356510409265,270,1538074356510136989,map,0.0496347211301,-0.0351303592324,0.413727402687,0.0603045999194,-0.0474461064494,0.00889772619516,-0.997012062455
1538074356752155335,271,1538074356751921684,map,0.058929823339,-0.035403188318,0.379676610231,0.059423314554,-0.0484741738814,0.00967644472357,-0.997008270062
1538074356995603425,272,1538074356995275870,map,0.0686438009143,-0.0346571058035,0.351649284363,0.0550256144373,-0.0503018568624,0.0116208855555,-0.997149366931
1538074357233670596,273,1538074357233424556,map,0.0766589567065,-0.0355569012463,0.327404230833,0.0553685085511,-0.052283830288,0.0124280655653,-0.997018692171
1538074357472464233,274,1538074357472031300,map,0.0829349532723,-0.0365607403219,0.307458519936,0.0554682779552,-0.056211273309,0.0144385072889,-0.996772337297
1538074357712168640,275,1538074357712003365,map,0.0876519083977,-0.0381611324847,0.291465938091,0.0521653577612,-0.0574488950204,0.0149690740591,-0.996872272025
1538074357954512804,276,1538074357954183820,map,0.0906141921878,-0.0382557027042,0.275211334229,0.0492674439982,-0.0550856213828,0.0179898541272,-0.997103133295
1538074358192901940,277,1538074358192699836,map,0.090998955071,-0.0386508479714,0.271544724703,0.0466161295867,-0.0590341783678,0.0190219128451,-0.996985490907
1538074358441152242,278,1538074358440952728,map,0.0899690613151,-0.0400524586439,0.274701446295,0.043253072382,-0.055977373587,0.0221953303184,-0.997247748901
1538074358676528507,279,1538074358676318006,map,0.0854797810316,-0.0424555428326,0.283154070377,0.0428516804312,-0.0572775181145,0.0249544539787,-0.997126017427
1538074358915284691,280,1538074358915018094,map,0.0806748270988,-0.0428601056337,0.29054287076,0.0430570685865,-0.0564706761045,0.0289991996927,-0.997053758833
1538074359151544961,281,1538074359151364841,map,0.0769638642669,-0.0425589717925,0.291876018047,0.0410168382251,-0.0538168814846,0.0302080858449,-0.997250637402
1538074359392446344,282,1538074359392158188,map,0.0745545178652,-0.0442781001329,0.292048752308,0.0377183755046,-0.0551937604037,0.0309714384525,-0.997282178203
1538074359634591664,283,1538074359634322870,map,0.0727907046676,-0.0444858781993,0.292179763317,0.0382539200282,-0.0560381497715,0.0345668937774,-0.997096531549
1538074359876750444,284,1538074359876389852,map,0.0710200816393,-0.0447914674878,0.289404213428,0.037527465773,-0.0541326558949,0.0366141393163,-0.997156331615
1538074360110754480,285,1538074360110452152,map,0.0673502758145,-0.0462402664125,0.287320524454,0.0379383423389,-0.0531145951949,0.038485677634,-0.997125054632
1538074360354095061,286,1538074360353878169,map,0.066264770925,-0.0445270240307,0.288627952337,0.0403509123353,-0.0549252168157,0.0441928845749,-0.996695546987
1538074360594597581,287,1538074360594354262,map,0.0660927221179,-0.0427607111633,0.287219196558,0.0402179508953,-0.0520979999033,0.0460865736195,-0.996766944959
1538074360851140013,288,1538074360850895414,map,0.0671562850475,-0.0419849194586,0.28322404623,0.0392832143128,-0.052817788032,0.0469655469257,-0.996725312081
1538074361072857701,289,1538074361072338226,map,0.068716853857,-0.0421675778925,0.278654515743,0.0372221199363,-0.0536772096469,0.0479933107453,-0.996709542984
1538074361314669591,290,1538074361314442961,map,0.0689416080713,-0.0454945191741,0.2762375772,0.0381846853216,-0.056660655378,0.0474854753974,-0.996532302319
1538074361554437769,291,1538074361554166309,map,0.0687502771616,-0.0447705499828,0.277103126049,0.0423065204278,-0.0604417303317,0.0530220228698,-0.995864258147
1538074361792348123,292,1538074361792072865,map,0.0716801509261,-0.0414968430996,0.280127704144,0.040982007648,-0.0613878612145,0.0536244244688,-0.995829516858
1538074362040412092,293,1538074362040183895,map,0.0733679607511,-0.0400532521307,0.281501948833,0.0393413859443,-0.0611439871069,0.0511206260501,-0.996042343369
1538074362271601096,294,1538074362271408569,map,0.0662188380957,-0.0489316731691,0.284611523151,0.0445708411728,-0.0652450026359,0.0464491810155,-0.99579064232
1538074362514428646,295,1538074362514130131,map,0.061075527221,-0.0570884272456,0.283209234476,0.0442997760963,-0.0638311018455,0.0529511979806,-0.995569832261
