%time,field.header.seq,field.header.stamp,field.header.frame_id,field.pose.position.x,field.pose.position.y,field.pose.position.z,field.pose.orientation.x,field.pose.orientation.y,field.pose.orientation.z,field.pose.orientation.w
1538010269331590760,19,1538010269331277170,map,7.93921208242e-05,-0.00160741992295,-0.0098435357213,-0.000491160218945,0.00845036092368,0.000100108593052,-0.999964169428
1538010270335878572,20,1538010270335546026,map,0.000992313143797,-0.00108148797881,-0.0100337024778,-0.000494709630502,0.00844158030434,3.45844554431e-05,-0.999964246255
1538010271333783031,21,1538010271333466825,map,0.000924755178858,-0.000403218553402,-0.0101654324681,-0.000493182042026,0.00840981239181,1.63163644402e-05,-0.999964515151
1538010272327537368,22,1538010272327211589,map,0.000608247879427,-3.17588819598e-05,-0.0102097056806,-0.000473772280883,0.00845174689495,-0.000200537569024,-0.999964151007
1538010273332370267,23,1538010273332053313,map,0.000509528967086,-0.00172887160443,-0.0104410434142,-0.00054268915634,0.00843787842221,-0.000454345715883,-0.99996414999
1538010274333458346,24,1538010274333194886,map,-0.0340227149427,0.00744272721931,0.0632217302918,-0.00139316291601,0.00889325130032,-0.00224280774104,-0.99995696857
1538010275326200131,25,1538010275326015898,map,0.0575632974505,-0.0138845974579,-0.026718094945,-0.0071327667089,-0.0219391495258,0.00162513718635,-0.999732542376
1538010276328021395,26,1538010276327780352,map,-0.0241312328726,-0.0173359550536,-0.200783014297,0.00635410983665,0.0504486830276,0.00387742438965,-0.998698914212
1538010277326199155,27,1538010277325876033,map,0.021885568276,-0.016373232007,-0.43838173151,0.0127803573289,0.0596342583839,0.0167005227778,-0.997998752621
1538010278327389797,28,1538010278326959816,map,0.037705425173,-0.0124624744058,-0.687133491039,0.0232032861611,0.0481725839755,0.0137934008004,-0.998474211865
1538010279347184540,29,1538010279346887386,map,0.0345987193286,-0.00990132708102,-0.237411603332,0.0156108251314,0.0431761671947,0.0117400198321,-0.998876515221
1538010280348738746,30,1538010280348533271,map,0.0258933845907,-0.00296257575974,0.580900132656,0.0238122763701,0.0390969438652,0.0216501859521,-0.998717013935
1538010280573430642,31,1538010280573187727,map,0.0273064542562,-0.00326923304237,0.586374223232,0.0237464396247,0.0320704624147,0.0255372517244,-0.998877089947
1538010280815495537,32,1538010280815250833,map,0.0266359038651,-0.00486149825156,0.580656707287,0.0214405674862,0.0301819983434,0.0254673337497,-0.998989871797
1538010281053841844,33,1538010281053589483,map,0.024885835126,-0.00715206516907,0.57219517231,0.0211912067878,0.0288998567845,0.0269711062924,-0.998993638848
1538010281293606482,34,1538010281293358768,map,0.0252392217517,-0.00890569481999,0.560422718525,0.0221234150073,0.0284976572642,0.0283987564696,-0.998945418264
1538010281552212425,35,1538010281551955289,map,0.0278518870473,-0.0074483435601,0.549720048904,0.0221144746634,0.0274945696947,0.0287850921391,-0.998962670533
1538010281775468789,36,1538010281775104474,map,0.0306964479387,-0.00749713089317,0.541344702244,0.0212993389732,0.0265210663448,0.0281279550458,-0.999025419769
1538010282014408794,37,1538010282014098118,map,0.0308337341994,-0.00943724066019,0.534731686115,0.0201935636141,0.0243559048778,0.0267503616577,-0.999141345375
1538010282253757475,38,1538010282253497072,map,0.0274033620954,-0.0119710890576,0.530469357967,0.0188238458887,0.0214851439136,0.0248221300694,-0.999283700095
1538010282494860223,39,1538010282494559701,map,0.0234891697764,-0.012714846991,0.524772822857,0.0172031430002,0.0197055688771,0.0202131373686,-0.999453436386
1538010282746790902,40,1538010282746458657,map,0.0241068955511,-0.0100443083793,0.516457796097,0.0187013293775,0.0165296374726,0.0152481856718,-0.99957217058
1538010282973409574,41,1538010282973084001,map,0.0283380337059,-0.00826637819409,0.508236289024,0.0167047099537,0.0125651613302,0.0100127541619,-0.999731370989
1538010283211542496,42,1538010283211309706,map,0.0302727557719,-0.00826484709978,0.503215372562,0.0184818693331,0.0090232995635,0.0040821894562,-0.999780143982
1538010283455194999,43,1538010283454972017,map,0.0289583560079,-0.00818239618093,0.501703083515,0.0155999497155,0.00604744029401,-0.000334032414439,-0.999859969424
1538010283693475634,44,1538010283693223721,map,0.0266842190176,-0.00960304308683,0.499152362347,0.0142866287995,0.00336188002562,-0.00626999937303,-0.999872630443
1538010283947915584,45,1538010283947628447,map,0.027360951528,-0.00857068784535,0.497511029243,0.0181293967321,0.00394773246611,-0.00805983581719,-0.999795368778
1538010284176401502,46,1538010284176136155,map,0.0279670469463,-0.00786325056106,0.493130326271,0.0195890208726,0.00932537413447,-0.0130940447262,-0.999678875265
1538010284416133992,47,1538010284415941071,map,0.0274777170271,-0.00884443242103,0.491901695728,0.020519553385,0.00821297510882,-0.0159598122298,-0.999628320608
1538010284654204385,48,1538010284653930589,map,0.0263363402337,-0.011439957656,0.487397938967,0.0198403490264,0.0104567453581,-0.0170092481517,-0.999603772754
1538010284895181392,49,1538010284894922087,map,0.0248223543167,-0.0103502143174,0.485874265432,0.0193181875666,0.00972734075712,-0.0138192511786,-0.999670553116
1538010285144652132,50,1538010285144341765,map,0.0213947370648,-0.0020132381469,0.49117231369,0.0173701198882,0.00816798303975,-0.011393796702,-0.999750841152
1538010285374379655,51,1538010285374106875,map,0.0213667172939,0.0187318939716,0.492271363735,0.0296220975722,0.0115365692283,-0.00332308388675,-0.999489067484
1538010285613672746,52,1538010285613151806,map,0.0275036469102,0.0346711538732,0.484431833029,0.0353164859362,0.0122544903497,0.00263762522552,-0.9992975614
1538010285851803249,53,1538010285851619587,map,0.0327622890472,0.0398198217154,0.482807606459,0.0529592405186,0.0149083338749,0.0114520723361,-0.998419706568
1538010286093695422,54,1538010286093444225,map,0.0327709391713,0.0439844056964,0.485133647919,0.0529592405186,0.0149083338749,0.0114520723361,-0.998419706568
1538010286351540144,55,1538010286351276516,map,0.0244822595268,0.0373289398849,0.482026904821,0.0529592405186,0.0149083338749,0.0114520723361,-0.998419706568
1538010286574970569,56,1538010286574646081,map,0.0115007702261,0.0332667119801,0.478061199188,0.125690158582,0.0280751072795,0.0251744938521,-0.991352620033
1538010286834432540,57,1538010286834183714,map,0.00115061877295,0.0524724498391,0.4780344069,0.141606963167,0.0261388603156,0.0322434033379,-0.989052370153
1538010287052739764,58,1538010287052564298,map,-0.000677518662997,0.0980368480086,0.488436281681,0.156164526969,0.0231214543901,0.0357483688525,-0.986813099319
1538010287293731236,59,1538010287293263607,map,0.00128509954084,0.144900202751,0.504261016846,0.16555736896,0.0285639409237,0.0309871726605,-0.985299271284
1538010287547265924,60,1538010287546864569,map,-0.00367093109526,0.181181669235,0.503703594208,0.179497912074,0.0363651341132,0.0262690014304,-0.982734967398
1538010287773120321,61,1538010287772675568,map,-0.0225305017084,0.197954118252,0.499549269676,0.185017766283,0.0381293490116,0.0202513782393,-0.981786361987
1538010288039390978,62,1538010288039073464,map,-0.0456361882389,0.20692306757,0.505430340767,0.201746022561,0.0385096316791,0.027988735041,-0.978280216175
1538010288256916765,63,1538010288256707487,map,-0.0576305314898,0.24137994647,0.497335314751,0.201746022561,0.0385096316791,0.027988735041,-0.978280216175
1538010288494745857,64,1538010288494552479,map,-0.0534142106771,0.307093530893,0.487068742514,0.22786261902,0.0294637769194,0.0331722249917,-0.97268191933
1538010288746399994,65,1538010288746076551,map,-0.0402483381331,0.38574463129,0.487969875336,0.230293082853,0.0268334116008,0.0272902827292,-0.972368399569
1538010288973546082,66,1538010288973246212,map,-0.0281149186194,0.450565099716,0.489923655987,0.230023821327,0.0251581978615,0.0217100587458,-0.972617489074
1538010289236645103,67,1538010289236425966,map,-0.0222387947142,0.485378950834,0.490456819534,0.22854015484,0.024829137816,0.0199024847431,-0.973014286967
1538010289452867130,68,1538010289452641233,map,-0.023936541751,0.491382986307,0.491600394249,0.225930168123,0.0231361919254,0.019404909131,-0.973675369544
1538010289695793664,69,1538010289695593457,map,-0.0300111137331,0.484092175961,0.493112564087,0.223864586307,0.022628120561,0.0201027780295,-0.974150139082
1538010289945781528,70,1538010289945524125,map,-0.0361911021173,0.473352193832,0.491891503334,0.219619184424,0.0229262478695,0.0192127599149,-0.97512700242
1538010290170830609,71,1538010290170622024,map,-0.0386366099119,0.464370131493,0.486538231373,0.218844336448,0.0235211378585,0.0192976100664,-0.97528535041
1538010290433618349,72,1538010290433410121,map,-0.0378260351717,0.456785649061,0.481955945492,0.216616252275,0.0242310410455,0.0188757185189,-0.975773520419
1538010290654542228,73,1538010290654315390,map,-0.0367639325559,0.452591061592,0.481554746628,0.214383902464,0.0237070325625,0.0178656329317,-0.97629828338
1538010290894752857,74,1538010290894503416,map,-0.0365535728633,0.450253725052,0.481692939997,0.214644913257,0.024947559845,0.0178042248673,-0.976211140096
1538010291141544266,75,1538010291141232634,map,-0.0360027737916,0.447819828987,0.478559404612,0.213182998424,0.0260868635164,0.0176833896492,-0.976503856861
1538010291374523199,76,1538010291374034790,map,-0.0356291085482,0.443639278412,0.478296667337,0.210830846804,0.0247408227171,0.0181135330141,-0.977041527085
1538010291613401543,77,1538010291613137458,map,-0.0364610180259,0.438386261463,0.478964030743,0.21139059687,0.0256803727983,0.0194554986622,-0.976870522423
1538010291852521529,78,1538010291852356039,map,-0.037977732718,0.436625957489,0.478480517864,0.210492816141,0.024861659435,0.0206000062409,-0.977062081951
1538010292105592380,79,1538010292105280638,map,-0.0393556244671,0.436490684748,0.479402810335,0.208778884518,0.0244655638562,0.0212144094085,-0.977426602052
1538010292336060992,80,1538010292335799758,map,-0.039181239903,0.437328010798,0.481236428022,0.208254699449,0.0242879613388,0.0219458200612,-0.977526703509
1538010292593083481,81,1538010292592636585,map,-0.0370878763497,0.438238710165,0.480437815189,0.207950559673,0.0240361192678,0.0225736995546,-0.977583376388
1538010292812638759,82,1538010292812322662,map,-0.0343370363116,0.43715685606,0.478922396898,0.208199669749,0.0232105036699,0.0230879043272,-0.977538295265
1538010293053947331,83,1538010293053744950,map,-0.033619273454,0.42879152298,0.480575293303,0.205102436396,0.0223747975384,0.0225485507188,-0.978224883082
1538010293299647143,84,1538010293299377414,map,-0.0393417663872,0.406350761652,0.481219649315,0.198244376616,0.0254182126358,0.0214455021747,-0.979588266591
1538010293532277629,85,1538010293532088428,map,-0.0507656224072,0.366603702307,0.481808841228,0.18148686678,0.0276547188818,0.0205376733678,-0.982789874634
1538010293770653927,86,1538010293770262332,map,-0.0533153600991,0.33834245801,0.486566752195,0.155725039536,0.0297089773639,0.0274630502118,-0.986971564737
1538010294010192501,87,1538010294009934013,map,-0.0395099893212,0.339704096317,0.476411938667,0.140649749519,0.0360011411263,0.0366611404856,-0.988725202762
1538010294252257731,88,1538010294252032607,map,-0.0285397060215,0.353893429041,0.480611532927,0.126411061723,0.0316321533897,0.0357500214824,-0.990828737124
1538010294736190075,89,1538010294735947531,map,-0.0397123768926,0.318107187748,0.50207310915,0.0799109079438,0.0471148526765,0.0636506499958,-0.993651363509
1538010294974208504,90,1538010294973891934,map,-0.0284098405391,0.284483581781,0.490275382996,0.0547750133873,0.0451864194462,0.0731054309106,-0.994793185229
1538010295212441163,91,1538010295212150675,map,-0.03402935341,0.243250057101,0.489841908216,0.0353434303278,0.0498246061809,0.0815073300199,-0.994798927274
1538010295452807963,92,1538010295452573220,map,-0.0343303009868,0.206096097827,0.501222372055,0.0119510745801,0.0634485661124,0.0991122148818,-0.99297946612
1538010295694724447,93,1538010295694491519,map,-0.00992504972965,0.164430677891,0.504980027676,0.0204619378808,0.0689846209032,0.111663593787,-0.991137565124
1538010295932113412,94,1538010295931866524,map,0.00460632424802,0.0943234413862,0.510218381882,0.0151424739829,0.0731038473086,0.109341354793,-0.991196751973
1538010296190696773,95,1538010296190024385,map,-0.0167172830552,0.0113547658548,0.50532746315,-0.00281057997733,0.0772289507128,0.104408040706,-0.991527483657
1538010296414962441,96,1538010296414730774,map,-0.0472718402743,-0.0663914680481,0.51789945364,-0.0216230783184,0.0669638530195,0.106225859086,-0.991848956109
1538010296650832995,97,1538010296650613831,map,-0.072038449347,-0.127599611878,0.534368634224,-0.0191387679346,0.0735076391646,0.105312591698,-0.991533959366
1538010296893921017,98,1538010296893695974,map,-0.0787531360984,-0.16211874783,0.536232769489,0.00295264773453,0.0602694826835,0.10725504616,-0.992398723499
1538010297135661341,99,1538010297135392761,map,-0.0684618502855,-0.173221722245,0.527612924576,-0.00500340008915,0.0668035495991,0.104006215027,-0.992317972721
1538010297391178963,100,1538010297390950948,map,-0.0594256035984,-0.180774182081,0.527851939201,-0.0180786507213,0.0761675430718,0.0994175214384,-0.991961604197
1538010297614050609,101,1538010297613784836,map,-0.0631991997361,-0.201681181788,0.544013500214,-0.017598341853,0.0936070803829,0.0877156238199,-0.991581556002
1538010297850788128,102,1538010297850572917,map,-0.0719587877393,-0.237457200885,0.532978594303,-0.0668513433677,0.132538868679,0.0853977980253,-0.985226655279
1538010298090960697,103,1538010298090686702,map,-0.0639825984836,-0.26670691371,0.528837025166,-0.105250804979,0.128612453667,0.101343553403,-0.980872361216
1538010298332949108,104,1538010298332734025,map,-0.064205236733,-0.241137996316,0.557139635086,-0.125101535131,0.119841379532,0.110791432871,-0.97862807443
1538010298588895476,105,1538010298588702496,map,-0.084955342114,-0.182822316885,0.558565616608,-0.152380908462,0.150548176352,0.0967462153905,-0.971985326608
1538010298811607693,106,1538010298811403104,map,-0.10031619668,-0.18423487246,0.524183690548,-0.186548333421,0.146283683365,0.0889344196198,-0.967414839811
1538010299052121174,107,1538010299051672817,map,-0.0806712806225,-0.226505145431,0.530816853046,-0.197365288822,0.13593119876,0.11784938056,-0.963681054848
1538010299293748272,108,1538010299293480752,map,-0.0512685552239,-0.253464818001,0.580229818821,-0.205256326773,0.13721161166,0.137431405108,-0.959247320995
1538010299536790217,109,1538010299536608659,map,-0.0425025820732,-0.268589675426,0.601980447769,-0.22737772311,0.153148341093,0.129773917376,-0.952892274616
1538010299786552266,110,1538010299786382738,map,-0.0591199100018,-0.299139261246,0.607659697533,-0.229001507027,0.156801756246,0.131861081281,-0.951621865165
1538010300016279562,111,1538010300015942593,map,-0.08350815624,-0.347822695971,0.62249904871,-0.236537616364,0.161054434241,0.128504788617,-0.949525115286
1538010300250540904,112,1538010300250301797,map,-0.101982712746,-0.405023992062,0.615008831024,-0.235659341525,0.165885081494,0.12742976045,-0.94905662141
1538010300491514772,113,1538010300491326014,map,-0.117585010827,-0.465360194445,0.609991490841,-0.228288180317,0.15691387682,0.125951284618,-0.952574834799
1538010300734964012,114,1538010300734659328,map,-0.129524797201,-0.498963475227,0.624077022076,-0.227969613406,0.153585907975,0.129619284201,-0.952701456595
1538010300987152344,115,1538010300986945822,map,-0.135431453586,-0.501906633377,0.63057744503,-0.230182121695,0.152103515313,0.128864388587,-0.95250967493
1538010301215624724,116,1538010301215328621,map,-0.138174325228,-0.486654490232,0.634536504745,-0.231107593877,0.149055725587,0.127310709993,-0.952976208435
1538010301451867290,117,1538010301451425822,map,-0.138070687652,-0.468623220921,0.63718688488,-0.232736686595,0.148000422462,0.125301123994,-0.953010565518
1538010301691463592,118,1538010301691237584,map,-0.135364815593,-0.458120584488,0.637464165688,-0.232736686595,0.148000422462,0.125301123994,-0.953010565518
1538010301931316605,119,1538010301931126834,map,-0.128854036331,-0.45111978054,0.631976246834,-0.227385915539,0.146244216565,0.1281411465,-0.954195012096
1538010302187155309,120,1538010302187021567,map,-0.123042970896,-0.440343916416,0.630724728107,-0.225268132074,0.142337134867,0.131445450582,-0.954838469183
1538010302411514664,121,1538010302411256357,map,-0.122826777399,-0.431172579527,0.637151181698,-0.225088966864,0.141417197533,0.1314456459,-0.955017369168
1538010302653039648,122,1538010302652850891,map,-0.121794700623,-0.423007190228,0.637400865555,-0.226037603709,0.142179618076,0.132158310105,-0.95458165653
1538010302893047847,123,1538010302892799353,map,-0.119169011712,-0.421846657991,0.632448196411,-0.224003543972,0.142049934941,0.132380153964,-0.955049591962
1538010303131556837,124,1538010303131334412,map,-0.115772150457,-0.429457873106,0.624903261662,-0.223783044177,0.142188065695,0.134123112863,-0.954837522152
1538010303388056513,125,1538010303387882537,map,-0.114356003702,-0.437515377998,0.625112295151,-0.223138828456,0.139898045311,0.138980491103,-0.954631878394
1538010303611718919,126,1538010303611512914,map,-0.114436194301,-0.442415833473,0.630172610283,-0.222581276716,0.140019907847,0.139990689795,-0.954596567893
1538010303852001565,127,1538010303851785148,map,-0.115654885769,-0.442971020937,0.631446063519,-0.224215271771,0.140547298213,0.141725259182,-0.95388045361
1538010304092422762,128,1538010304092202373,map,-0.116033665836,-0.436211258173,0.633001983166,-0.227455853409,0.142343217201,0.14434106602,-0.95245362088
1538010304333355087,129,1538010304333117997,map,-0.114299073815,-0.429830253124,0.631885409355,-0.227524734042,0.142355257579,0.145917104763,-0.952195187226
1538010304586447747,130,1538010304586236246,map,-0.113331995904,-0.427991777658,0.633409559727,-0.228998703863,0.141346625016,0.147616390458,-0.951730070185
1538010304811439650,131,1538010304811144886,map,-0.11326046288,-0.429344832897,0.636392474174,-0.231747479996,0.141947608464,0.148216605127,-0.950881601427
1538010305051153248,132,1538010305050952411,map,-0.111269555986,-0.430060148239,0.638976454735,-0.228552173498,0.142917298113,0.148270433875,-0.95150114468
1538010305293111259,133,1538010305292924527,map,-0.111441485584,-0.437721133232,0.641140699387,-0.230312549572,0.144533448114,0.143402480943,-0.951578656941
1538010305535577465,134,1538010305535291956,map,-0.1148699224,-0.448378384113,0.63944631815,-0.230840004045,0.144209098081,0.142743548615,-0.951599131931
1538010305781659269,135,1538010305781351159,map,-0.118674702942,-0.4522113204,0.641011893749,-0.224036848109,0.142712303049,0.145498301438,-0.953032493426
1538010306014057505,136,1538010306013777006,map,-0.116862997413,-0.43555226922,0.647951722145,-0.224036848109,0.142712303049,0.145498301438,-0.953032493426
1538010306254260832,137,1538010306254031409,map,-0.110234960914,-0.396114498377,0.656956315041,-0.179073829101,0.132556273942,0.152286282653,-0.962896820062
1538010306491173481,138,1538010306490890835,map,-0.103741206229,-0.365876376629,0.66257327795,-0.152605274305,0.129376102751,0.146098081565,-0.968828573513
1538010306729347932,139,1538010306729073559,map,-0.0954207256436,-0.359998613596,0.654406487942,-0.122928661005,0.129871507936,0.141522957486,-0.973649417519
1538010306984875621,140,1538010306984682687,map,-0.0888124033809,-0.366386443377,0.6338301301,-0.0880466572199,0.122095122799,0.127526925551,-0.980345577029
1538010307209557191,141,1538010307209250196,map,-0.0883894637227,-0.377203971148,0.621228039265,-0.0880466572199,0.122095122799,0.127526925551,-0.980345577029
1538010307448122283,142,1538010307447855518,map,-0.0933958515525,-0.39198577404,0.63334441185,-0.0440368278118,0.091536814158,0.0919084583865,-0.990572866945
1538010307693433780,143,1538010307693145233,map,-0.100465744734,-0.385880768299,0.653014540672,-0.0353003212396,0.0792802012747,0.0932921942669,-0.991849335078
1538010307931129514,144,1538010307930947831,map,-0.118901669979,-0.339174002409,0.680377840996,-0.0239284970794,0.0648898122236,0.103408211136,-0.992231566302
1538010308180260071,145,1538010308179972110,map,-0.13337880373,-0.267415553331,0.701644122601,-0.0142685139912,0.0593509441498,0.110164569761,-0.992037117504
1538010308411956377,146,1538010308411711645,map,-0.124983772635,-0.192538663745,0.694241523743,-0.0117911774079,0.0551412531459,0.109587692426,-0.992376414475
1538010308652891070,147,1538010308652655163,map,-0.0907081738114,-0.126735121012,0.675870060921,-0.0107532134189,0.0493195644753,0.112982888181,-0.99231386967
1538010308889012317,148,1538010308888762138,map,-0.0481835417449,-0.0792320668697,0.65810251236,-0.00651530085308,0.0451694802362,0.114392835014,-0.992386793648
1538010309129136996,149,1538010309128921876,map,-0.0121469311416,-0.0551916658878,0.63999080658,-0.00692169830217,0.0434637873066,0.111757410799,-0.992760429518
1538010309378396617,150,1538010309378052950,map,0.00806804839522,-0.0527430288494,0.628491818905,-0.00692169830217,0.0434637873066,0.111757410799,-0.992760429518
1538010309610931702,151,1538010309610580264,map,0.015584663488,-0.0617635138333,0.623484253883,-0.00692169830217,0.0434637873066,0.111757410799,-0.992760429518
1538010309852368539,152,1538010309852080107,map,0.0139412228018,-0.0727542862296,0.622137963772,-0.01022737014,0.0403882696675,0.104198992886,-0.993683429697
1538010310087765875,153,1538010310087543741,map,0.00686159916222,-0.08547732234,0.617338597775,-0.0131896119907,0.0468859419966,0.0970561799168,-0.994086435135
1538010310330783703,154,1538010310330578484,map,0.000287393049803,-0.0958046466112,0.609635233879,-0.0135944105414,0.0476150356,0.0950336073736,-0.99424172808
1538010310579466726,155,1538010310579108603,map,-0.00497374217957,-0.106465980411,0.608399450779,-0.014758050065,0.044929147767,0.0923343385024,-0.994604414615
1538010310808760487,156,1538010310808484411,map,-0.0130350477993,-0.113130278885,0.607079565525,-0.0159936380444,0.0451040756925,0.0931100484511,-0.994505075289
1538010311048854471,157,1538010311048570263,map,-0.0234264805913,-0.109586320817,0.606858313084,-0.0197204204572,0.0412076542661,0.0938175595658,-0.994540748167
1538010311288966829,158,1538010311288626746,map,-0.0259341076016,-0.0965011194348,0.611387908459,-0.0246481686361,0.0431135857303,0.0936823558003,-0.994362762135
1538010311531116259,159,1538010311530832376,map,-0.0144478846341,-0.0899037048221,0.600710332394,-0.0277037591592,0.0480550776143,0.0892127343128,-0.99446684172
1538010311773327063,160,1538010311773072287,map,0.0045087938197,-0.0986680313945,0.591035962105,-0.0297614545438,0.0410223007938,0.089931088187,-0.994657642628
1538010312011298993,161,1538010312011040684,map,0.0101456493139,-0.108600214124,0.599462687969,-0.034662646136,0.0387887074923,0.0932259301391,-0.994285101509
1538010312266579669,162,1538010312266210184,map,-0.00273395469412,-0.112550385296,0.60647636652,-0.0341717925413,0.0400647436225,0.0915934635455,-0.99440320914
1538010312491404884,163,1538010312491162272,map,-0.0228321328759,-0.108948580921,0.598295211792,-0.0352358818234,0.0425776210536,0.0934328926886,-0.99409047545
1538010312731001051,164,1538010312730794281,map,-0.0561076514423,-0.103337064385,0.594611108303,-0.0354747509128,0.0433303200887,0.0922297256108,-0.994161809326
1538010312970718344,165,1538010312970409279,map,-0.104575142264,-0.0986969694495,0.607645452023,-0.0294195785638,0.0523788557564,0.0968205168303,-0.993487157133
1538010313210746323,166,1538010313210463506,map,-0.145612582564,-0.0893855169415,0.615697324276,-0.0411400269477,0.0905101231471,0.0996852560874,-0.990039527246
1538010313448706530,167,1538010313448376218,map,-0.162233456969,-0.0661453977227,0.602325975895,-0.0768678541912,0.14643114788,0.0884437220975,-0.982256056201
1538010313691149630,168,1538010313690688945,map,-0.142746090889,-0.0316055305302,0.59886187315,-0.0858303882198,0.198356154634,0.0699186705233,-0.973857977268
1538010313931895459,169,1538010313931680599,map,-0.117182470858,-0.0211127027869,0.598282575607,-0.0567792064287,0.232358248725,0.0585337420672,-0.96920563711
1538010314173562115,170,1538010314173326910,map,-0.111760541797,-0.0459542199969,0.603098213673,-0.0421488434141,0.24977773314,0.0452744471253,-0.966325402472
1538010314410023782,171,1538010314409698106,map,-0.128496289253,-0.0825975909829,0.627391636372,-0.0308065033963,0.270630121807,0.0429696891799,-0.961230410636
1538010314665371070,172,1538010314664878811,map,-0.169567778707,-0.101961180568,0.65523982048,-0.0216006534283,0.288160893794,0.0441553532083,-0.956319515561
1538010314890516213,173,1538010314890288125,map,-0.235150545835,-0.0913861766458,0.664884209633,-0.0158596337456,0.305520994862,0.0401551351638,-0.951206054878
1538010315129179401,174,1538010315128762444,map,-0.319578200579,-0.0625623688102,0.665711820126,-0.0132952084418,0.31274159684,0.0309207844955,-0.949241716385
1538010315371009976,175,1538010315370711975,map,-0.413540035486,-0.0262111704797,0.661050260067,-0.00746441534397,0.319965019075,0.0243894005513,-0.947085965587
1538010315609877378,176,1538010315609605382,map,-0.508936583996,0.00289071910083,0.655788004398,-0.00408477021947,0.318347246545,0.0198810053351,-0.947756873305
1538010315871330881,177,1538010315871105774,map,-0.590290606022,0.0247546713799,0.664087414742,-0.00234229415366,0.317670265164,0.021937340351,-0.947944549743
1538010316090813307,178,1538010316090555584,map,-0.637926995754,0.0409979559481,0.667233526707,-0.00472014181749,0.321269014886,0.0237262220229,-0.946678935397
1538010316332141745,179,1538010316331885387,map,-0.650927841663,0.0501844659448,0.667691528797,-0.00336143500637,0.319155503095,0.0238148847338,-0.947397127325
1538010316573762618,180,1538010316573617790,map,-0.641984403133,0.0461868010461,0.670532822609,-0.00276794131146,0.317428092002,0.0234301761647,-0.947988803601
1538010316812444914,181,1538010316812144211,map,-0.624149143696,0.0326712727547,0.666705846786,-0.00289999579806,0.315635337924,0.0263012434873,-0.948511553999
1538010317073986010,182,1538010317073660939,map,-0.60608536005,0.0262658316642,0.664497613907,-0.00328242099934,0.312933103951,0.0325846432661,-0.949210376675
1538010317288064953,183,1538010317287828778,map,-0.591142714024,0.0270855184644,0.664161622524,-0.00428070952063,0.312324685882,0.0325743681388,-0.949407118498
1538010317773689246,184,1538010317773279838,map,-0.57238137722,0.0192407984287,0.659958541393,-0.0024083556098,0.309472083919,0.033302441103,-0.950322143546
1538010318010529724,185,1538010318010063257,map,-0.566516518593,0.0165883954614,0.661337673664,-0.00225902216899,0.308460916037,0.0345147761701,-0.950607958268
1538010318268391083,186,1538010318268171266,map,-0.563720285892,0.0106998002157,0.662531197071,-0.000824175294654,0.308306428788,0.0312712086145,-0.950772621721
1538010318495256616,187,1538010318495095262,map,-0.565487086773,0.00412096315995,0.662182867527,0.000476846640004,0.307835063795,0.0315367826015,-0.950916808905
1538010318729622031,188,1538010318729371208,map,-0.566013753414,0.00212966301478,0.654848992825,0.00179779546645,0.309245622282,0.0317948603626,-0.950448841277
1538010318970111759,189,1538010318969873282,map,-0.564201056957,0.00297070713714,0.648002743721,0.00191484194722,0.309132249604,0.0309329528486,-0.95051393365
1538010319467781476,190,1538010319467548211,map,-0.562423944473,0.00704467762262,0.652173340321,0.00287359642759,0.309334999339,0.0314112425655,-0.950429868253
1538010319688265885,191,1538010319688060077,map,-0.563568949699,0.00993802025914,0.653898060322,0.00297826222766,0.309365205022,0.0317519727162,-0.950408392274
1538010319929551823,192,1538010319929339751,map,-0.564141273499,0.00883421394974,0.655511617661,0.00239079084108,0.309257653244,0.0304598717917,-0.950487340389
1538010320167610794,193,1538010320167214545,map,-0.565801143646,0.00550412526354,0.657584607601,0.00252321627852,0.307116495949,0.0307420529026,-0.951171917941
1538010320405388829,194,1538010320405087974,map,-0.568087279797,0.00480439187959,0.66051197052,0.00226913830942,0.305691405803,0.031354474203,-0.951611534386
1538010320667144094,195,1538010320666932682,map,-0.569232702255,0.0056338198483,0.661004841328,0.00326945653723,0.306218599375,0.031009925119,-0.951450400491
1538010320893001529,196,1538010320892753139,map,-0.562815070152,0.00523324171081,0.654629230499,0.00554883670854,0.306500541893,0.0304386283858,-0.951367498989
1538010321132849565,197,1538010321132306853,map,-0.555640399456,0.00807367172092,0.651663959026,0.00459495512385,0.302706084062,0.0302360260569,-0.952593142841
1538010321367837140,198,1538010321367596004,map,-0.555393517017,0.0136005887762,0.65969735384,0.00552048197748,0.299385143639,0.0298926373636,-0.953647990759
1538010321612404725,199,1538010321612130095,map,-0.536403357983,0.00620334176347,0.661546349525,0.0102839171135,0.291877778606,0.0238245035329,-0.956103549014
1538010321857300972,200,1538010321857090239,map,-0.475354939699,-0.0180549640208,0.625718832016,0.0231376809573,0.28268376948,0.0225545290304,-0.958668778783
1538010322091706475,201,1538010322091488404,map,-0.438909024,-0.0386491678655,0.613680243492,0.0392326688682,0.241447158409,0.0268087944461,-0.969249893438
1538010322329063843,202,1538010322328792001,map,-0.461147606373,-0.0245567113161,0.648015677929,0.0374902659104,0.200509538079,0.0466048054258,-0.977864201826
1538010322571878441,203,1538010322571529788,map,-0.513652920723,0.0127327349037,0.679250121117,0.0264539373999,0.158735749573,0.056778179326,-0.985332121346
1538010322806241093,204,1538010322805967231,map,-0.52654415369,0.0309313815087,0.667225897312,0.0155699120104,0.128523590399,0.06161938117,-0.989667780831
1538010323058150507,205,1538010323057926195,map,-0.454239189625,0.0294592808932,0.623797178268,0.0106694778751,0.110883792551,0.0713156335556,-0.991213915965
1538010323291419744,206,1538010323291158284,map,-0.364971935749,0.00542926136404,0.59334051609,0.00398478316785,0.0991212945441,0.069478111073,-0.992638847997
1538010323532902959,207,1538010323532706428,map,-0.30729213357,-0.0193069744855,0.591545283794,0.00104652019965,0.0798967837854,0.0738697091765,-0.994061705732
1538010323771062537,208,1538010323770826265,map,-0.285664975643,-0.0217416305095,0.607914805412,-0.00257084299024,0.0658318979441,0.0711709297375,-0.99528601454
1538010324010756912,209,1538010324010459987,map,-0.257822036743,-0.0190608371049,0.626180171967,-0.00339326578671,0.0624875591425,0.0612907644997,-0.996156229156
1538010324264040041,210,1538010324263825676,map,-0.18843498826,-0.0376298129559,0.6329870224,0.00154807587465,0.0644585869116,0.0589788318201,-0.99617477956
1538010324488859111,211,1538010324488675278,map,-0.09249920398,-0.0587688833475,0.636737763882,-0.00630992448495,0.0681068493684,0.0609940011767,-0.995791832535
1538010324730781946,212,1538010324730527039,map,-0.00779911642894,-0.0552836805582,0.630883038044,-0.00331830494069,0.073763167879,0.0716474924232,-0.994693229466
1538010324968919761,213,1538010324968716015,map,0.0345500409603,-0.0386520549655,0.627163529396,0.00852792083311,0.063497929472,0.0699426115181,-0.995491496002
1538010325211475502,214,1538010325211314876,map,0.0350215397775,-0.0278785638511,0.633702754974,0.0193968879548,0.0648759822824,0.0740378400213,-0.994953901397
1538010325457577717,215,1538010325457371465,map,0.0166980363429,-0.0222026947886,0.633467495441,0.0241397329683,0.0659926283289,0.0782370380008,-0.994455233876
1538010325687383863,216,1538010325687141272,map,-0.00350340944715,-0.0214497167617,0.626239836216,0.0241397329683,0.0659926283289,0.0782370380008,-0.994455233876
1538010325926132820,217,1538010325925978485,map,-0.0252054296434,-0.0244577080011,0.624323248863,0.0205671790088,0.06778800533,0.0712241300082,-0.994941656976
1538010326188845763,218,1538010326188604815,map,-0.0467255041003,-0.0398475304246,0.62354016304,0.0133707835541,0.0789862618714,0.0648129678962,-0.99467666695
1538010326412233558,219,1538010326411935871,map,-0.0603684186935,-0.0371288843453,0.642132818699,0.008539259125,0.0714699199706,0.0656907379561,-0.995240603342
1538010326645468148,220,1538010326645122388,map,-0.072252959013,-0.0250323079526,0.649117052555,0.00626547576558,0.0767875948239,0.0593518316832,-0.995259649122
1538010326889329755,221,1538010326889077922,map,-0.0630912110209,-0.0326304994524,0.618354201317,0.0653730739957,0.10349785953,0.0503792195706,-0.991199520028
1538010327129531706,222,1538010327129117994,map,-0.0459516495466,-0.0552075020969,0.595016658306,0.0220776950322,0.0657099789876,0.0614890043639,-0.995697683228
1538010327384527953,223,1538010327384294146,map,-0.0374876670539,-0.0654931813478,0.590507745743,0.0334757824594,0.0637404819466,0.0655609380006,-0.995247851723
1538010327607610954,224,1538010327607296239,map,-0.0560094118118,-0.0620370171964,0.596904873848,-0.00575561707537,0.0615777532054,0.0573852230589,-0.996434638778
1538010327851683006,225,1538010327851463098,map,-0.064828068018,-0.0437589250505,0.589401304722,-0.0199326090522,0.0598836046545,0.0736330979865,-0.995286296435
1538010328087795437,226,1538010328087560252,map,-0.0750753954053,-0.024252217263,0.581953465939,-0.000350110723311,0.0313077706869,0.0710311369876,-0.996982586857
1538010328328493049,227,1538010328328196094,map,-0.0906989946961,-0.0194505788386,0.575611948967,0.0314484613261,0.0191495305422,0.066508135841,-0.997106292041
1538010328570035146,228,1538010328569800044,map,-0.105721116066,-0.0307824201882,0.578187346458,0.0163302500457,0.0342263958813,0.0616745034637,-0.997375622512
1538010328811459527,229,1538010328811122706,map,-0.104263685644,-0.0294696316123,0.569348454475,0.02179452255,0.0437108321265,0.0645029102213,-0.996721493956
1538010329047601791,230,1538010329047342271,map,-0.0906771570444,-0.00928148068488,0.554367959499,0.0252309889582,0.0458601803653,0.0586989977323,-0.996902537221
1538010329291265055,231,1538010329290995476,map,-0.065342888236,0.0206316430122,0.537921309471,0.0335262419071,0.045466401379,0.0543846963844,-0.99692081042
1538010329532262690,232,1538010329532027775,map,-0.0675370767713,0.0236873179674,0.564904391766,0.00807614101953,0.0434414670058,0.035379154595,-0.998396679838
1538010329777157637,233,1538010329776827961,map,-0.0828266888857,0.025235619396,0.602269113064,0.0366496683336,0.0405729632735,0.0534763077733,-0.997071171466
1538010330009875449,234,1538010330009716817,map,-0.0871920213103,0.036200594157,0.591664731503,0.0593524197652,0.0528019324363,0.0622692327535,-0.99489285295
1538010330249107153,235,1538010330248853891,map,-0.0805235281587,0.0395283699036,0.568814635277,0.070520333428,0.0648426684208,0.0623878181749,-0.993443541963
1538010330489102218,236,1538010330488864302,map,-0.0742195770144,0.0361040234566,0.576347410679,0.0643669074745,0.0664079988782,0.0664436113307,-0.993494904577
1538010330728346341,237,1538010330728106413,map,-0.0689306780696,0.0355995632708,0.595242857933,0.0701698095412,0.0607422960255,0.0711386657476,-0.993139396831
1538010330979250674,238,1538010330979024558,map,-0.065172508359,0.0332649759948,0.607667386532,0.066017399222,0.0625396396868,0.0688732071178,-0.993472182705
1538010331211170258,239,1538010331210839957,map,-0.0621393844485,0.0242950674146,0.612830877304,0.0635147104452,0.0614299024393,0.0692330131666,-0.993679545191
1538010331450750642,240,1538010331450506867,map,-0.0653364285827,0.0168618727475,0.625506341457,0.0572745954927,0.0578260430983,0.0727425702097,-0.994024289406
1538010331687163334,241,1538010331686996509,map,-0.0729192122817,0.0116497566923,0.63278645277,0.0572745954927,0.0578260430983,0.0727425702097,-0.994024289406
1538010331932015740,242,1538010331931783422,map,-0.0820747166872,-0.00172847067006,0.6359410882,0.0350269593584,0.0636179923427,0.065494984567,-0.995206646966
1538010332407659587,243,1538010332407299163,map,-0.073767028749,0.027109740302,0.640338122845,0.0378760920661,0.0676417812096,0.0740659193867,-0.994235500608
1538010332648833331,244,1538010332648595836,map,-0.0704375803471,0.0402555018663,0.627574503422,0.0424233811754,0.0662989215762,0.0666620378541,-0.994666216596
1538010332891944030,245,1538010332891687999,map,-0.0710432454944,0.0357250124216,0.62303841114,0.0408404833241,0.064419588549,0.0641098106774,-0.995023669923
1538010333129312711,246,1538010333129105712,map,-0.0740875899792,0.0208643767983,0.628057658672,0.038914432185,0.0643539485823,0.0616920313699,-0.995257921111
1538010333374294281,247,1538010333374073750,map,-0.0778861939907,0.00434820214286,0.632227122784,0.0339649784634,0.0638870320782,0.0593633859772,-0.995610775241
1538010333606208528,248,1538010333606007645,map,-0.0834014490247,-0.00736274709925,0.640275835991,0.0318072886088,0.0629409874737,0.0609360868941,-0.995647287849
1538010333852944110,249,1538010333852764958,map,-0.0804512873292,-0.00547232665122,0.641692221165,0.0320410083442,0.0646042778708,0.0643096409803,-0.99532101914
1538010334088730158,250,1538010334088511113,map,-0.0718617811799,0.00385436066426,0.636725783348,0.0336115413424,0.0627477314874,0.0648076066106,-0.995355695522
1538010334329876839,251,1538010334329671361,map,-0.0642021968961,0.014893787913,0.634705007076,0.03601652957,0.0613650711933,0.0650736881907,-0.99534042053
1538010334580171477,252,1538010334579841306,map,-0.0619490258396,0.0214516818523,0.635406315327,0.0347627337376,0.0621686818652,0.0622016147121,-0.995518742398
