%time,field.header.seq,field.header.stamp,field.header.frame_id,field.pose.position.x,field.pose.position.y,field.pose.position.z,field.pose.orientation.x,field.pose.orientation.y,field.pose.orientation.z,field.pose.orientation.w
1538071213004908684,47,1538071213004506659,map,-0.0176035184413,-0.0919365286827,-0.010975680314,-0.00131767877589,0.00690879898344,-0.00199919846672,-0.999973267355
1538071213248969632,48,1538071213248746827,map,-0.0172707363963,-0.0928042456508,-0.0110076423734,-0.00131819745338,0.00691325238895,-0.00202131944945,-0.999973191423
1538071213493515140,49,1538071213493243343,map,-0.0168398972601,-0.0940656363964,-0.0108826346695,-0.00130891724354,0.00692080462189,-0.00200243114678,-0.999973189375
1538071213728254487,50,1538071213728074376,map,-0.0163456927985,-0.0947224721313,-0.0106769716367,-0.0013498992465,0.00691470682828,-0.00200443531761,-0.99997317306
1538071213966732058,51,1538071213966457880,map,-0.0160668566823,-0.0960324779153,-0.0103712379932,-0.00137469516711,0.00694436761705,-0.00202371847565,-0.9999728949
1538071214205511049,52,1538071214205170918,map,-0.0156887751073,-0.0965454280376,-0.0100911892951,-0.00139718762867,0.00692432980697,-0.00206562737943,-0.999972916987
1538071214444227080,53,1538071214443942845,map,-0.0150550045073,-0.0963166058064,-0.0099333981052,-0.00141126705005,0.00694914930438,-0.00207404331466,-0.999972707624
1538071214691045375,54,1538071214690751719,map,-0.0145501000807,-0.0967793464661,-0.00996096245945,-0.00141424544341,0.00697227896199,-0.00208375097327,-0.999972522231
1538071214926886500,55,1538071214926462211,map,-0.0141178769991,-0.0977496802807,-0.0100712552667,-0.00142827392379,0.00698371408327,-0.00209602310654,-0.999972396848
1538071215168131670,56,1538071215167963691,map,-0.013672539033,-0.0982243269682,-0.0102312704548,-0.00143753785427,0.00698080399975,-0.00211008982544,-0.999972374309
1538071215407130028,57,1538071215406837367,map,-0.0132755208761,-0.0981517881155,-0.0104144467041,-0.00143801483114,0.00698411001712,-0.00211927619744,-0.999972331112
1538071215646134971,58,1538071215645817169,map,-0.0132317850366,-0.0987609773874,-0.0106534138322,-0.00144078420535,0.00700750889253,-0.0021175402214,-0.999972167104
1538071215891986009,59,1538071215891685261,map,-0.0135197499767,-0.100086927414,-0.0107632791623,-0.00144021788881,0.00701143555813,-0.0021279717628,-0.999972118251
1538071216124425409,60,1538071216124155018,map,-0.0140565894544,-0.102466255426,-0.0108545273542,-0.00145757382912,0.00701970236076,-0.00214503163561,-0.999971998656
1538071216370029838,61,1538071216369765951,map,-0.0145975798368,-0.103016734123,-0.0110626565292,-0.00150056601351,0.00703961041422,-0.00213743572906,-0.99997181138
1538071216608222981,62,1538071216607884218,map,-0.015601717867,-0.104840673506,-0.0111290570349,-0.00155351569852,0.00694819290214,-0.002119552226,-0.999972407971
1538071216846658775,63,1538071216846376632,map,-0.016619483009,-0.106061398983,-0.0111566651613,-0.00139007399472,0.00704829847069,-0.00232476718109,-0.999971491914
1538071217090354594,64,1538071217090024754,map,-0.0177015252411,-0.108124323189,-0.00985951814801,-0.00143140481243,0.00706063676896,-0.00220688871116,-0.999971613663
1538071217328645064,65,1538071217328431512,map,-0.019430572167,-0.109889216721,-0.00878107175231,-0.00655841523866,0.0039368238848,-0.00377622545155,-0.999963613702
1538071217570447712,66,1538071217570155039,map,-0.0210774205625,-0.111129596829,-0.000259445980191,-0.010996720027,0.00468222167272,-0.0146201950337,-0.999821683525
1538071217808101938,67,1538071217807820323,map,-0.0225257147104,-0.11069341749,0.00755650736392,-0.0312712048032,0.0336552901154,-0.0169064673611,-0.998801083579
1538071218045648668,68,1538071218045293592,map,-0.0314467772841,-0.116353183985,0.0181494578719,-0.0125013064806,0.0262766798751,-0.0277058492282,-0.999192493642
1538071218289897735,69,1538071218289627417,map,-0.0439718179405,-0.120784953237,0.0423449426889,-0.0125013064806,0.0262766798751,-0.0277058492282,-0.999192493642
1538071218526135014,70,1538071218525904112,map,-0.0528436638415,-0.122297376394,0.0537519156933,-0.005951822099,-0.0180527191406,0.000695508338767,-0.999819079341
1538071218768311290,71,1538071218767892316,map,-0.0513898842037,-0.113670386374,0.0556244328618,-0.00760628239865,-0.0162901776054,0.00433654341739,-0.999828969861
1538071219005217236,72,1538071219004993473,map,-0.0462669990957,-0.0995151549578,0.055170185864,-0.000748416486766,-0.00960232943579,0.00455314782599,-0.999943250383
1538071219250608235,73,1538071219250338490,map,-0.0382534340024,-0.0880880579352,0.0637166127563,0.00543849499669,0.000398098562351,-0.00158415350188,-0.999983877244
1538071219491861761,74,1538071219491581224,map,-0.0276908855885,-0.0855658650398,0.0735291466117,0.0189814761962,0.01798273009,-0.00513934336099,-0.999644893014
1538071219728573418,75,1538071219728148925,map,-0.0210348144174,-0.0886538103223,0.0683709532022,0.0208334426364,0.0367333204498,-0.010897178,-0.999048488487
1538071219971308737,76,1538071219971042852,map,-0.0231974497437,-0.0919380709529,0.0854961201549,0.010007389273,0.0433574233195,-0.0108453722279,-0.998950631365
1538071220207152037,77,1538071220206934712,map,-0.0265098586679,-0.0906529054046,0.142143934965,0.0153469570462,0.0461282261669,-0.00350889101778,-0.998811466366
1538071220446354133,78,1538071220446042581,map,-0.0382605344057,-0.0860906094313,0.213922142982,0.0188026129353,0.0426522190314,-0.0113403998436,-0.998848659853
1538071220697210779,79,1538071220697029339,map,-0.052198600024,-0.0875853002071,0.280689239502,0.0196738329068,0.0368239832381,-0.0189771623308,-0.998947847421
1538071220927690168,80,1538071220927421184,map,-0.0693286135793,-0.0804895982146,0.321935147047,0.0367007770887,0.0298997247926,-0.0189888535938,-0.99869839434
1538071221167143460,81,1538071221166929327,map,-0.0862916260958,-0.0750239863992,0.390850692987,0.0267270838771,-0.0208699587727,-0.0202181400418,-0.999220363394
1538071221407342345,82,1538071221407128371,map,-0.0942039340734,-0.0877390727401,0.446424543858,0.0572914181069,0.0101014289542,-0.0313465608964,-0.997814134829
1538071221645294658,83,1538071221645075525,map,-0.0858097523451,-0.0999144390225,0.477010309696,0.07487703657,0.053321260574,-0.018348707626,-0.995597106009
1538071222133034049,84,1538071222132880856,map,-0.0623681098223,-0.114598557353,0.468746364117,0.0749323107849,0.0852270626034,-0.0184253883611,-0.993369015857
1538071223327331092,85,1538071223327088295,map,-0.105869531631,-0.253686666489,0.473885625601,0.0749323107849,0.0852270626034,-0.0184253883611,-0.993369015857
1538071223813520623,86,1538071223813239672,map,-0.139025196433,-0.361484318972,0.482810527086,0.0582441390454,0.0962783248166,-0.0358087121561,-0.99300344439
1538071224288089804,87,1538071224287834853,map,-0.139356568456,-0.321558147669,0.490378201008,0.0461191415009,0.10202377832,-0.0373867526965,-0.993008763389
1538071224526283645,88,1538071224525865473,map,-0.140623822808,-0.302357703447,0.497293114662,0.0417763459454,0.0966161480105,-0.037461749478,-0.993738735377
1538071224769055026,89,1538071224768630468,map,-0.14973987639,-0.318368494511,0.502773880959,0.0419503678548,0.0970154701705,-0.0375366152637,-0.993689673741
1538071225006354375,90,1538071225006175688,map,-0.163599461317,-0.35512855649,0.508333981037,0.0408199640934,0.0978215946174,-0.0376499485863,-0.993653434317
1538071225250713184,91,1538071225250446472,map,-0.181621626019,-0.407313406467,0.512079656124,0.0388017088575,0.100856418633,-0.0378478262467,-0.993423349966
1538071225488095728,92,1538071225487924605,map,-0.192374840379,-0.436134696007,0.513495922089,0.0400691598181,0.103895897267,-0.0369837982367,-0.993092293612
1538071225736375461,93,1538071225736176941,map,-0.16637994349,-0.318946093321,0.519636809826,0.045861823059,0.105870398092,-0.0364776124748,-0.992651769646
1538071225968905889,94,1538071225968680528,map,-0.146657124162,-0.217721760273,0.532973110676,0.045861823059,0.105870398092,-0.0364776124748,-0.992651769646
1538071226219372773,95,1538071226219031682,map,-0.136649161577,-0.151953816414,0.549772799015,0.0489656216091,0.113118892949,-0.0330663819864,-0.991823118475
1538071226443813042,96,1538071226443581112,map,-0.131817981601,-0.102335199714,0.570279300213,0.0558772474456,0.115974324405,-0.0296510696368,-0.99123584649
1538071226689732745,97,1538071226689433148,map,-0.131726741791,-0.0766231417656,0.587428212166,0.061073224741,0.12266924645,-0.0269491334249,-0.990200010807
1538071226929449588,98,1538071226929177627,map,-0.134071916342,-0.0674197524786,0.600712239742,0.063300421273,0.124581037393,-0.0262445897563,-0.989840312019
1538071227166617902,99,1538071227166409104,map,-0.137490406632,-0.0657187402248,0.610742509365,0.0608901440944,0.12597785198,-0.0269824831603,-0.989794886209
1538071227418301918,100,1538071227417827567,map,-0.143010824919,-0.0713333338499,0.619925320148,0.0594840373959,0.125566330646,-0.0276654807097,-0.989913818007
1538071227649074019,101,1538071227648577584,map,-0.146131128073,-0.0759785249829,0.624605119228,0.0586556840144,0.125402087083,-0.0277801825516,-0.989980852717
1538071227884684298,102,1538071227884342207,map,-0.148824736476,-0.0820366442204,0.627702414989,0.0555596000699,0.124571877751,-0.0276260544095,-0.990268538949
1538071228126947983,103,1538071228126693566,map,-0.15081487596,-0.0868980214,0.62856811285,0.0543516025426,0.125967617072,-0.0239917454502,-0.990253734606
1538071228369383107,104,1538071228369180848,map,-0.152521193027,-0.0883609503508,0.630775034428,0.0516939219441,0.126556224585,-0.0224321240432,-0.99035754163
1538071228620190668,105,1538071228619930218,map,-0.154562741518,-0.0899410918355,0.630848646164,0.051183215685,0.129766196159,-0.0226576212447,-0.989963456379
1538071228848381818,106,1538071228848190440,map,-0.1557944417,-0.0918898656964,0.6310993433,0.0518265135974,0.127882391789,-0.0235340316591,-0.990154662521
1538071229086218420,107,1538071229085928619,map,-0.155669957399,-0.0951967388391,0.62894743681,0.050141504896,0.129330618774,-0.0228893415667,-0.99006843126
1538071229325636432,108,1538071229325375347,map,-0.155038461089,-0.0965304449201,0.62793058157,0.0490829251761,0.12849343355,-0.0214932008842,-0.99026175646
1538071229567280968,109,1538071229567081547,map,-0.154963597655,-0.100839003921,0.625776290894,0.0474600039611,0.128559203761,-0.0215461736301,-0.990331177715
1538071229819445625,110,1538071229819158531,map,-0.154339343309,-0.105794556439,0.623862206936,0.0465057620536,0.12701745354,-0.0215754998426,-0.99057472126
1538071230046879225,111,1538071230046659967,map,-0.151389226317,-0.10735860467,0.621314167976,0.0459900426196,0.128121471745,-0.0221317605173,-0.990444339493
1538071230284574956,112,1538071230284349640,map,-0.147275418043,-0.108154378831,0.61770349741,0.0450042754614,0.128903872381,-0.0211614233124,-0.990409309851
1538071230530429179,113,1538071230530208241,map,-0.142120033503,-0.107010945678,0.614138841629,0.0432128397788,0.129140915273,-0.0194327159734,-0.990493636542
1538071230764761028,114,1538071230764600575,map,-0.138578101993,-0.107459455729,0.613070309162,0.0401671011325,0.128754469647,-0.0193009023628,-0.990674702261
1538071231027165567,115,1538071231026973648,map,-0.1349388659,-0.108541436493,0.612201392651,0.0366674862937,0.129275264098,-0.0200560834826,-0.990727588723
1538071231246340202,116,1538071231246124481,map,-0.131086051464,-0.106997914612,0.612775146961,0.0351695745935,0.127393968731,-0.0206906487038,-0.991012499825
1538071231488408723,117,1538071231488163591,map,-0.12671379745,-0.107673369348,0.611896276474,0.0352678909902,0.124331530976,-0.0214038777755,-0.991382731485
1538071231727058429,118,1538071231726700244,map,-0.121452189982,-0.109115473926,0.609178423882,0.0353552488961,0.119169526094,-0.0220218541513,-0.991999832846
1538071231968606379,119,1538071231968396178,map,-0.113203205168,-0.112813875079,0.600315511227,0.038987372952,0.109389609836,-0.0249178452554,-0.992921446539
1538071232214871898,120,1538071232214657979,map,-0.104205816984,-0.128925129771,0.601192057133,0.0392674615904,0.0814976186657,-0.0294407232266,-0.995464438555
1538071232447371146,121,1538071232446986147,map,-0.0880175083876,-0.144014149904,0.595328986645,0.0474480192466,0.0617231801632,-0.0214328915614,-0.996734450924
1538071232689054199,122,1538071232688652279,map,-0.0757217034698,-0.146452486515,0.579116344452,0.0413211836231,0.053569396052,-0.0177606846065,-0.997550719349
1538071232924144349,123,1538071232923846268,map,-0.0783349722624,-0.138382971287,0.581295371056,0.042489776718,0.0347947766938,-0.016451280176,-0.99835529636
1538071233167987032,124,1538071233167538898,map,-0.0849782675505,-0.141149863601,0.59274661541,0.0404825926776,0.0428355021632,-0.0182609331577,-0.998094593596
1538071233422862850,125,1538071233422553310,map,-0.089633487165,-0.146609082818,0.598440170288,0.0392881784535,0.0547134641596,-0.0101950101769,-0.997676770122
1538071233646721529,126,1538071233646410219,map,-0.0926127135754,-0.141481801867,0.599885463715,0.0386362919529,0.0608404599207,-0.00673669129526,-0.997376705348
1538071233884908704,127,1538071233884583575,map,-0.0939667746425,-0.137308657169,0.597402393818,0.0355746625896,0.0651384344013,-0.00836029219529,-0.997206865831
1538071234367383643,128,1538071234367178601,map,-0.0874779000878,-0.128215536475,0.576881527901,0.0396632895889,0.0603689747726,-0.0104113224162,-0.997333452116
1538071234619916969,129,1538071234619674797,map,-0.0838517472148,-0.126621365547,0.570489287376,0.0417447484134,0.0536873655574,-0.011581661433,-0.997617616062
1538071234843824628,130,1538071234843617086,map,-0.0792062133551,-0.122677691281,0.56440281868,0.0423233631228,0.0559599571609,-0.00971055729563,-0.9974883063
1538071235088785359,131,1538071235088590598,map,-0.0746756419539,-0.124752178788,0.556926727295,0.0423233631228,0.0559599571609,-0.00971055729563,-0.9974883063
1538071235326820211,132,1538071235326557441,map,-0.0694941878319,-0.121625877917,0.552752077579,0.0564328996207,0.0506430600384,-0.00364236166787,-0.997114507723
1538071235565283819,133,1538071235565035867,map,-0.0667727440596,-0.124433033168,0.55218154192,0.0604180919239,0.0476956667895,-0.00342340780862,-0.997027109871
1538071235815268035,134,1538071235815078919,map,-0.0643399357796,-0.121932178736,0.552042722702,0.05195400166,0.049065980068,-0.00279768585687,-0.99743946396
1538071236044486153,135,1538071236044314004,map,-0.0613968782127,-0.0842711851001,0.562399983406,0.0469597681027,0.0520888822077,-0.00201410266191,-0.997535699572
1538071236305577563,136,1538071236305367268,map,-0.0575771071017,-0.0361341238022,0.570643186569,0.0573556058206,0.0604561077144,-0.0185699263402,-0.996348609352
1538071236529094719,137,1538071236528903418,map,-0.0511519946158,0.00342447147705,0.56815892458,0.0677360457159,0.0697175432119,-0.0394163214789,-0.994483607648
1538071236767211860,138,1538071236767015216,map,-0.0486329123378,0.0400376319885,0.55929517746,0.114354289791,0.0693825734363,-0.0413868938857,-0.990149625019
1538071237017659607,139,1538071237017370142,map,-0.0515693575144,0.0581872798502,0.554175972939,0.149625979983,0.0660074185473,-0.0578294859542,-0.98484051367
1538071237249714318,140,1538071237249230896,map,-0.055439427495,0.0541188418865,0.556218802929,0.184402570554,0.0657004317871,-0.0661910096175,-0.978416013504
1538071237484899995,141,1538071237484733240,map,-0.0609532445669,0.0395043306053,0.559674859047,0.218863409734,0.0699155731923,-0.0643542844114,-0.971117473112
1538071237728855268,142,1538071237728647430,map,-0.0643865615129,0.0244557168335,0.561536550522,0.228084315393,0.072454208132,-0.0680534846402,-0.96855389939
1538071237967286108,143,1538071237967056887,map,-0.0650311261415,0.0141221880913,0.559826552868,0.228403357456,0.0726699942783,-0.0724494223003,-0.968143615092
1538071238212304650,144,1538071238212022297,map,-0.0670316666365,0.0121963918209,0.559175789356,0.229050862941,0.0689547652044,-0.0745901356699,-0.968099816239
1538071238449782121,145,1538071238449568386,map,-0.0702379122376,0.0168629195541,0.562019944191,0.230564472352,0.0645698124978,-0.078322980966,-0.967748042651
1538071238705449992,146,1538071238705278162,map,-0.0745958015323,0.0207079220563,0.568625926971,0.23047369675,0.0614903942435,-0.0815725256194,-0.967701777195
1538071238925141047,147,1538071238924897802,map,-0.0815007314086,0.0296863093972,0.578064620495,0.230718258443,0.0600775491593,-0.0792213657004,-0.967927553345
1538071239170696504,148,1538071239170411059,map,-0.0886343196034,0.0407146513462,0.584985852242,0.230037815737,0.0603536621855,-0.0784518438484,-0.968134983868
1538071239421576248,149,1538071239421311953,map,-0.0965132191777,0.0545684248209,0.591207802296,0.229752513942,0.0585461319645,-0.0771236075201,-0.968420405574
1538071239646708022,150,1538071239646491151,map,-0.104805253446,0.0708119645715,0.595758914948,0.228624389047,0.0576831864297,-0.0764934900996,-0.968789081642
1538071239902858261,151,1538071239902552424,map,-0.112226910889,0.0850336998701,0.597830414772,0.226252570643,0.0588016452734,-0.0765281304211,-0.969275804941
1538071240125740544,152,1538071240125455410,map,-0.117916323245,0.0992380604148,0.594625353813,0.224507802838,0.0609159013821,-0.0742248539812,-0.969729947189
1538071240366748247,153,1538071240366523860,map,-0.122846446931,0.112956158817,0.590884804726,0.223289247871,0.0601362717284,-0.0724209705546,-0.970196239753
1538071240608499291,154,1538071240608186939,map,-0.126252010465,0.126125216484,0.585101902485,0.222802815641,0.0603014521606,-0.0706813744029,-0.970426083492
1538071240845349293,155,1538071240844967237,map,-0.129365488887,0.137787923217,0.581655442715,0.221825534342,0.0586515975731,-0.0712623557203,-0.970708555166
1538071241113751405,156,1538071241113397402,map,-0.132415935397,0.146278008819,0.579130113125,0.221004983124,0.0586966734117,-0.0702383786795,-0.970967593757
1538071241328051898,157,1538071241327881472,map,-0.135136395693,0.155947014689,0.577673375607,0.220197355533,0.0576969290024,-0.0694066041663,-0.971270771875
1538071241568831760,158,1538071241568631426,map,-0.135878458619,0.166143193841,0.574225366116,0.22012956286,0.0580894163614,-0.0690470828894,-0.971288368924
1538071241807518858,159,1538071241807324457,map,-0.136524945498,0.171026274562,0.571677327156,0.220481022723,0.0569728357254,-0.0708292459912,-0.971146452663
1538071242046262348,160,1538071242045836472,map,-0.137268349528,0.173718139529,0.570621848106,0.220196923932,0.0557350063614,-0.0704171301544,-0.971312695036
1538071242301111539,161,1538071242300823364,map,-0.13799495995,0.176798671484,0.571259796619,0.219643916258,0.0550816120083,-0.0701549709561,-0.971494130769
1538071242527331886,162,1538071242527108518,map,-0.138162970543,0.177958756685,0.571265637875,0.219886233871,0.0557161259435,-0.0703384081469,-0.97138986293
1538071242765178300,163,1538071242764979852,map,-0.138533517718,0.17716152966,0.571621119976,0.219640882902,0.0552584067101,-0.0706932020391,-0.97144575877
1538071243006179951,164,1538071243005992750,map,-0.138644248247,0.174594044685,0.571093320847,0.219391492366,0.0551646361922,-0.0704176331184,-0.971527453517
1538071243245402280,165,1538071243245247279,map,-0.138479664922,0.159473836422,0.571037113667,0.218249885958,0.0541712181154,-0.0712484452218,-0.971779875003
1538071243502715008,166,1538071243502546608,map,-0.142471879721,0.107220284641,0.576990902424,0.172830328288,0.0562125156505,-0.0799349183065,-0.980091954637
1538071243729658263,167,1538071243729476167,map,-0.148486062884,0.0399938225746,0.580722749233,0.098902399984,0.0617681624357,-0.0744642449123,-0.990382797516
1538071243966476157,168,1538071243966236322,map,-0.152202606201,-0.0182469375432,0.579517841339,0.0425881840171,0.0672187440344,-0.0550196978819,-0.995309358882
1538071244209293865,169,1538071244209138107,map,-0.15791195631,-0.0789823979139,0.574756741524,-0.0294021300242,0.0791562088568,-0.0494613511639,-0.995200172875
1538071244445744821,170,1538071244445408598,map,-0.163044065237,-0.133609160781,0.571986734867,-0.0775040264287,0.0878661704441,-0.0283111709606,-0.992708990378
1538071244700201160,171,1538071244699951497,map,-0.164474919438,-0.170807823539,0.564918756485,-0.112977178251,0.0994327970344,-0.00613710979772,-0.988590720142
1538071244925760256,172,1538071244925446670,map,-0.167593151331,-0.199138492346,0.55577737093,-0.152216011345,0.110523332794,0.00755400148834,-0.98211904363
1538071245171207933,173,1538071245170946122,map,-0.175885111094,-0.21617808938,0.553935110569,-0.175518331115,0.115026042715,0.0237128728274,-0.977445663248
1538071245406005413,174,1538071245405799450,map,-0.18662007153,-0.229997470975,0.552936136723,-0.191275459996,0.122998266284,0.0366965551543,-0.973107644474
1538071245646182066,175,1538071245645950921,map,-0.18982231617,-0.235857769847,0.547782480717,-0.19638271331,0.127845736449,0.0535833954467,-0.970679204123
1538071245903220500,176,1538071245903009427,map,-0.184638738632,-0.233345851302,0.540506362915,-0.209515414713,0.136564772779,0.0628465454178,-0.966179934361
1538071246129695674,177,1538071246129468679,map,-0.171646118164,-0.22436131537,0.537608146667,-0.212935172824,0.134322095906,0.0705324705544,-0.965215705075
1538071246367808957,178,1538071246367637245,map,-0.157708317041,-0.220148935914,0.539986133575,-0.213692959407,0.132154527515,0.0715872387738,-0.965269789852
1538071246606160100,179,1538071246605884543,map,-0.144910082221,-0.235235527158,0.541632711887,-0.211848953305,0.129813985023,0.0697566408331,-0.966127507804
1538071246844922911,180,1538071246844724161,map,-0.132151573896,-0.265391469002,0.545657396317,-0.21098065738,0.126686865726,0.0720994865284,-0.966560533183
1538071247102330035,181,1538071247102098872,map,-0.119973540306,-0.306888818741,0.545981884003,-0.21098065738,0.126686865726,0.0720994865284,-0.966560533183
1538071247327418414,182,1538071247326516483,map,-0.108332410455,-0.351348519325,0.549140512943,-0.211240752933,0.125362106861,0.0739148858804,-0.96653932983
1538071247567755599,183,1538071247567562131,map,-0.0976694896817,-0.398935705423,0.548708081245,-0.208148129602,0.125071932602,0.0740469546917,-0.967237518048
1538071247805620321,184,1538071247805423138,map,-0.0874516516924,-0.446646690369,0.548287093639,-0.204967258564,0.122502926161,0.0756169117949,-0.968123720735
1538071248041962614,185,1538071248041803208,map,-0.0755399391055,-0.491654783487,0.54414075613,-0.20371823135,0.12358203589,0.0751183677064,-0.968289003064
1538071248293158562,186,1538071248292950391,map,-0.0660392716527,-0.535638868809,0.540419280529,-0.203480746131,0.120767901315,0.0729044407713,-0.968863066941
1538071248526258821,187,1538071248526013444,map,-0.0596815869212,-0.577164173126,0.538414418697,-0.203265949893,0.119264956789,0.0720595619918,-0.969157491444
1538071248770088778,188,1538071248769856049,map,-0.0545669421554,-0.613751709461,0.536681056023,-0.204224394619,0.118433830388,0.0721457658599,-0.969051501691
1538071249008356890,189,1538071249008166121,map,-0.0502819791436,-0.644623994827,0.534962654114,-0.204430505109,0.117137823338,0.0722123459506,-0.96916060383
1538071249499033764,190,1538071249498840182,map,-0.0451886057854,-0.690564334393,0.532528460026,-0.205191325201,0.115054411957,0.0720302928277,-0.969262936084
1538071249727742335,191,1538071249727491503,map,-0.0441676676273,-0.707250654697,0.530862271786,-0.205651065754,0.113671473778,0.0724295827918,-0.969298917125
1538071249966696240,192,1538071249966520440,map,-0.0428079627454,-0.716974973679,0.529421448708,-0.206399460912,0.113050456274,0.0731389923388,-0.9691591947
1538071250207372732,193,1538071250207195291,map,-0.0397452898324,-0.723019480705,0.526679158211,-0.205190522415,0.11012218898,0.0729288174773,-0.969768704685
1538071250447484123,194,1538071250447314047,map,-0.0384143218398,-0.725245416164,0.526220440865,-0.204404040745,0.106658615793,0.0716090820757,-0.970420046768
1538071250692763966,195,1538071250692583519,map,-0.0389963537455,-0.727747023106,0.5254098773,-0.203536917765,0.106162422749,0.0712855009456,-0.9706805038
1538071250925653822,196,1538071250925412063,map,-0.0390310324728,-0.726896286011,0.52480918169,-0.203317864266,0.105233485453,0.072682694175,-0.970723949214
1538071251168170421,197,1538071251167949518,map,-0.0378991141915,-0.720994412899,0.525175035,-0.202888171511,0.104568104571,0.0725909070365,-0.970892610737
1538071251408730114,198,1538071251408346995,map,-0.0370171405375,-0.715092778206,0.525188028812,-0.202103394914,0.10373109701,0.0713262734475,-0.971239743829
1538071251647182508,199,1538071251646767084,map,-0.0356297641993,-0.712186872959,0.52387547493,-0.20054388934,0.103062424749,0.071921405549,-0.971590241036
1538071251893730863,200,1538071251893465853,map,-0.0329623632133,-0.713272869587,0.524660050869,-0.199939778093,0.102213145107,0.072803870632,-0.971738727501
1538071252125827222,201,1538071252125566232,map,-0.0321401245892,-0.685578584671,0.533904135227,-0.191907911241,0.102605919848,0.0746105757813,-0.973178627384
1538071252366544408,202,1538071252366129629,map,-0.0354891493917,-0.619863271713,0.555373847485,-0.170675394476,0.100535272676,0.0730545184525,-0.977458749003
1538071252605744701,203,1538071252605501660,map,-0.0431391261518,-0.538506031036,0.559418022633,-0.143959410056,0.107657441171,0.056420518319,-0.98209077418
1538071252845875539,204,1538071252845631191,map,-0.0595451816916,-0.446133702993,0.541850447655,-0.0938177720333,0.107063753203,0.0545063261115,-0.98831403856
1538071253095611785,205,1538071253095421504,map,-0.0948455706239,-0.377351433039,0.532518208027,-0.0420740660446,0.103153855044,0.0406071110762,-0.992945173555
1538071253329940865,206,1538071253329715773,map,-0.135689973831,-0.351137548685,0.553091406822,-0.00691451714091,0.107031577989,0.0207066307381,-0.994015928549
1538071253571385563,207,1538071253571084956,map,-0.168116003275,-0.360000967979,0.584226369858,0.0172926526353,0.130755460984,0.0171761119643,-0.991115005822
1538071253811719452,208,1538071253811280463,map,-0.190650656819,-0.382239818573,0.613339424133,0.0232143733033,0.15586510374,0.0235079276861,-0.987225678173
1538071254047583871,209,1538071254047278613,map,-0.216054871678,-0.408609122038,0.624375641346,0.0297113608277,0.180289047717,0.0328342351601,-0.982616409039
1538071254307841395,210,1538071254307548908,map,-0.244333073497,-0.382649868727,0.606327176094,0.0280688672278,0.200137933181,0.0367678474679,-0.978675161526
1538071254527713619,211,1538071254527546361,map,-0.256257295609,-0.345908492804,0.601172924042,0.0315972950584,0.200520365817,0.0274840331526,-0.978794065041
1538071254800428459,212,1538071254800206417,map,-0.269513010979,-0.331376850605,0.611693501472,0.0467640982937,0.216883161303,0.0189203688235,-0.974893241898
1538071255017710261,213,1538071255017533889,map,-0.279559075832,-0.328526109457,0.628410875797,0.0465203284872,0.235746905367,0.0161516908754,-0.970566009362
1538071255248585368,214,1538071255248342056,map,-0.28042024374,-0.326347082853,0.641396045685,0.0459160948471,0.245044921203,0.0242396154177,-0.968120415997
1538071255506188285,215,1538071255506012526,map,-0.27189463377,-0.313591063023,0.65290760994,0.041875497011,0.250503291159,0.0301472312655,-0.966739721081
1538071255727552389,216,1538071255727309733,map,-0.267329782248,-0.288757115602,0.661872327328,0.0389814744436,0.249717947437,0.025563232708,-0.967195901827
1538071256009817723,217,1538071256009598607,map,-0.273349225521,-0.259610682726,0.67289853096,0.0370716471714,0.245558090557,0.0215707627064,-0.968432557969
1538071256205639140,218,1538071256204920408,map,-0.301390886307,-0.223130762577,0.694792747498,0.0370878704657,0.238817370139,0.0157886609615,-0.970227536081
1538071256446418263,219,1538071256446165358,map,-0.336556762457,-0.19389975071,0.71567261219,0.0369217574589,0.239537787677,0.0130809118019,-0.970096552848
1538071256704386284,220,1538071256703965106,map,-0.376542627811,-0.161109670997,0.734642148018,0.0370709093994,0.238460146722,0.0156506825492,-0.970318278833
1538071256928532037,221,1538071256928103458,map,-0.416453838348,-0.134040519595,0.749943971634,0.0365793977593,0.237626197109,0.0147886860671,-0.9705550128
1538071257197657996,222,1538071257197433129,map,-0.450726807117,-0.117123186588,0.758022964001,0.0358324228008,0.237974403559,0.0138581049179,-0.970511294965
1538071257407709009,223,1538071257407443770,map,-0.484534531832,-0.0939820408821,0.760652720928,0.0353890921698,0.237231735394,0.0146738127888,-0.970697375651
1538071257650162626,224,1538071257649982541,map,-0.514870166779,-0.0717916488647,0.757847309113,0.0351260055341,0.236751170608,0.0138046614611,-0.970836998818
1538071257899000097,225,1538071257898758176,map,-0.541527569294,-0.0518365837634,0.754584431648,0.035334030947,0.234635466392,0.0137550902117,-0.971343657858
1538071258123718526,226,1538071258123441649,map,-0.565183639526,-0.0378579385579,0.75058478117,0.0353187003201,0.233516284281,0.012584555257,-0.971629746021
1538071258397617089,227,1538071258397329287,map,-0.583567559719,-0.0220051500946,0.746860384941,0.0358657241911,0.232658446111,0.0124063806379,-0.97181777047
1538071258610478650,228,1538071258610137273,map,-0.601385653019,-0.0141071807593,0.744468569756,0.0363658210735,0.231661089558,0.00909755126433,-0.972074020434
1538071258846095165,229,1538071258845848317,map,-0.614468038082,-0.00884631834924,0.74060434103,0.0369228272861,0.232553357131,0.0110462129527,-0.971819747737
1538071259090689011,230,1538071259090450075,map,-0.623981952667,-0.00631328718737,0.736425757408,0.0369244575272,0.232780435963,0.0112193006702,-0.971763335572
1538071259329900051,231,1538071259329683591,map,-0.629113912582,-0.00355661218055,0.731172919273,0.0372986903334,0.232813123452,0.0111848433928,-0.971741609959
1538071259599691184,232,1538071259599422542,map,-0.631727695465,-0.00314280739985,0.726233899593,0.0381297797642,0.231716707154,0.0115934373525,-0.971966604226
1538071259805137219,233,1538071259804876908,map,-0.630648076534,-0.00561041198671,0.721573233604,0.0383084763038,0.230728419804,0.0111253759206,-0.972200124948
1538071260047550550,234,1538071260047280259,map,-0.620024442673,0.00297279050574,0.725302577019,0.0395079739932,0.229868702777,0.0124681111224,-0.972339470391
1538071260290100816,235,1538071260289840661,map,-0.600556969643,0.0298899244517,0.737397313118,0.0424332967144,0.239865818031,0.00455204237581,-0.969867559814
1538071260527113550,236,1538071260526956905,map,-0.578896820545,0.0667143389583,0.75523930788,0.0790436733015,0.247791499817,0.00377678105662,-0.965576100706
1538071260785031679,237,1538071260784820693,map,-0.549312472343,0.094425432384,0.750176548958,0.126974032985,0.258378092818,0.00385190550842,-0.957655219233
1538071261004856380,238,1538071261004661527,map,-0.509299099445,0.104858145118,0.72295987606,0.166748729072,0.255505837973,0.00315261216452,-0.952313860632
1538071261244285438,239,1538071261243869220,map,-0.46280631423,0.0939387232065,0.688163518906,0.19726184903,0.24337548907,0.0121880598259,-0.949582848115
1538071261490115699,240,1538071261489925572,map,-0.427350968122,0.0808993726969,0.677382171154,0.217997801166,0.220547891353,0.0149977203726,-0.950584375366
1538071261728239477,241,1538071261728030016,map,-0.381965339184,0.0644610747695,0.673073589802,0.247551872427,0.205512518213,0.0144253084295,-0.946717796279
1538071261968072244,242,1538071261967821522,map,-0.327992886305,0.050163757056,0.669860422611,0.263588545984,0.197648919174,0.00711486313386,-0.944142659717
1538071262208888625,243,1538071262208631351,map,-0.32002595067,0.045432176441,0.68804782629,0.262363464476,0.173869040851,-0.0315158616056,-0.94865258109
1538071262446121893,244,1538071262445864624,map,-0.320560216904,0.033323969692,0.696218967438,0.262363464476,0.173869040851,-0.0315158616056,-0.94865258109
1538071262927484934,245,1538071262927080817,map,-0.308639138937,-0.0294472314417,0.732858777046,0.254773978797,0.0823648859087,-0.0683579673806,-0.961058496447
1538071263194797172,246,1538071263194483473,map,-0.307136416435,-0.034672498703,0.727828085423,0.254773978797,0.0823648859087,-0.0683579673806,-0.961058496447
1538071263405862650,247,1538071263405566912,map,-0.305679619312,-0.0201561320573,0.710685908794,0.240520845328,0.0655497531796,-0.0562390520655,-0.966793732832
1538071263646942243,248,1538071263646507838,map,-0.293195724487,0.00104423123412,0.685585081577,0.238952614693,0.0623114667635,-0.0540660299352,-0.967520435675
1538071263890243914,249,1538071263889996008,map,-0.274681866169,0.0266984831542,0.66135931015,0.243794918911,0.0582858168046,-0.0438369853207,-0.967080720411
1538071264127289195,250,1538071264127095356,map,-0.24596965313,0.0538856126368,0.636172235012,0.245996148837,0.056637770411,-0.0405060190844,-0.966766424809
1538071264380196305,251,1538071264379869993,map,-0.211148366332,0.0811110064387,0.612716257572,0.250526148121,0.0564990640762,-0.0369281675722,-0.96575401387
1538071264606035957,252,1538071264605816469,map,-0.173244133592,0.10064496845,0.593954920769,0.252329074996,0.0563956945765,-0.0362218184627,-0.965317327832
1538071264848591211,253,1538071264848326551,map,-0.135494798422,0.109723083675,0.580568611622,0.253000411474,0.0559961811593,-0.036334125866,-0.965160634707
1538071265088673298,254,1538071265088417177,map,-0.100034043193,0.115286797285,0.571680366993,0.251204759504,0.0555510281291,-0.0324962131817,-0.96579203155
1538071265328019333,255,1538071265327826302,map,-0.0675407424569,0.115421652794,0.567093014717,0.248807857289,0.0556711600097,-0.032330989339,-0.966410926688
1538071265805836558,256,1538071265805416887,map,-0.0139715624973,0.110329136252,0.568269312382,0.251723722501,0.0555725277144,-0.0287719262969,-0.965773802684
1538071266048903235,257,1538071266048377577,map,0.00701187178493,0.101440496743,0.572130680084,0.251081468163,0.0562465082331,-0.0280262514331,-0.965923887212
1538071266289691769,258,1538071266289456160,map,0.0247245766222,0.0938862860203,0.575937569141,0.250557579855,0.0544666334817,-0.0241738230064,-0.966265963022
1538071266529392350,259,1538071266529057708,map,0.0398308373988,0.0875592008233,0.575360357761,0.251849077506,0.0536572946185,-0.0216593010179,-0.96603509852
1538071266780442091,260,1538071266780145276,map,0.0504972487688,0.076071433723,0.575666368008,0.25077433123,0.0493214244053,-0.0207907192101,-0.966564730313
1538071267008957988,261,1538071267008738452,map,0.0539763085544,0.0696023702621,0.583209693432,0.252258172524,0.0438384666143,-0.0171934765083,-0.966513521688
1538071267248235201,262,1538071267247962111,map,0.0538328327239,0.0642038136721,0.58922380209,0.25097440603,0.0450434521681,-0.0162507869881,-0.966808588531
1538071267486878737,263,1538071267486631451,map,0.0533151291311,0.0593600459397,0.591611266136,0.250755529368,0.044697797429,-0.01468546617,-0.966906463149
1538071267728703620,264,1538071267728521061,map,0.0469001419842,0.049166277051,0.596243202686,0.248268115554,0.0420097720382,-0.0162615336423,-0.967643366316
1538071267973062157,265,1538071267972799649,map,0.0294130854309,0.0150201218203,0.611142635345,0.217442589384,0.0370196689869,-0.0261068670452,-0.97502138229
1538071268207247595,266,1538071268206925822,map,0.00929051917046,-0.0407457761467,0.623957633972,0.144923709657,0.0458009557243,-0.032945173338,-0.987832985068
1538071268447685542,267,1538071268447400397,map,0.000840136548504,-0.09984292835,0.624356091022,0.0681634582052,0.0656890206188,-0.0276860365118,-0.99512420276
1538071268689677774,268,1538071268689429146,map,-0.000364953157259,-0.127841353416,0.613233923912,0.0202157666107,0.0908675334364,-0.0158651554011,-0.995531371174
1538071268924605269,269,1538071268924243642,map,-0.00510143907741,-0.125650778413,0.597322940826,-0.00193263292132,0.0947419418708,-0.0094166277304,-0.995455451792
1538071269175275929,270,1538071269175066031,map,-0.011300210841,-0.117543831468,0.582064390182,-0.00868743674707,0.084348686769,-0.00326916088721,-0.996393065045
1538071269403700107,271,1538071269403445151,map,-0.00929487403482,-0.102218173444,0.570171236992,-0.00687914253294,0.0647319174359,-0.0100399958205,-0.997828469601
1538071269649591679,272,1538071269649317486,map,-0.00688487617299,-0.082095131278,0.569776892662,-0.000591073581479,0.0299525522835,-0.0180082594548,-0.999388912203
1538071269885981147,273,1538071269885652748,map,-0.0163879934698,-0.0857294350863,0.578363180161,0.000584966462052,0.024831729745,-0.0243469124911,-0.999394952391
1538071270128740380,274,1538071270128556722,map,-0.0250492952764,-0.0906741544604,0.588743150234,0.0056324777595,0.0211661668888,-0.0123074354598,-0.999684347985
1538071270379777205,275,1538071270379556218,map,-0.0313422083855,-0.0968683883548,0.596896111965,0.00748498940602,0.0206913312882,-0.0105159843138,-0.999702584681
1538071270608183596,276,1538071270607790019,map,-0.0359648764133,-0.108919784427,0.600040018559,0.0098480014536,0.0197864949634,-0.0130927774933,-0.999669990878
1538071270848112137,277,1538071270847632080,map,-0.039971601218,-0.127546042204,0.601023495197,0.00891101640088,0.0172920482839,-0.014488760471,-0.999705784055
1538071271089168449,278,1538071271088738201,map,-0.0437641553581,-0.146004065871,0.603218019009,0.0088321034276,0.0166331786591,-0.0132994636084,-0.999734192465
1538071271328863931,279,1538071271328490694,map,-0.0451267659664,-0.164528265595,0.599412918091,0.0111071145842,0.0169199490049,-0.0127494582139,-0.999713858385
1538071271579856312,280,1538071271579459894,map,-0.04563447088,-0.183893278241,0.595562934875,0.00996241097982,0.0153857216582,-0.0130355770103,-0.999747019835
1538071271806122205,281,1538071271805938500,map,-0.0441504605114,-0.197718337178,0.590494036674,0.00975657157102,0.0152125854456,-0.0110497272213,-0.999775619869
1538071272072310519,282,1538071272072118909,map,-0.0406693592668,-0.208644166589,0.582586944103,0.0100938149438,0.0145242377339,-0.0113601032011,-0.999779030323
1538071272288046470,283,1538071272287536806,map,-0.0376824364066,-0.219440594316,0.577292382717,0.0105840416335,0.0123769840068,-0.0120600311425,-0.999794650905
1538071272529198305,284,1538071272528550636,map,-0.0347094498575,-0.22894282639,0.571291863918,0.0122181132689,0.0125233710964,-0.0120665456382,-0.999774115168
1538071272781574124,285,1538071272781313001,map,-0.0326496437192,-0.238693371415,0.568184733391,0.0121204714918,0.0123487740257,-0.0117332569911,-0.999781442432
1538071273004657447,286,1538071273004472940,map,-0.0288889892399,-0.245536580682,0.564206719398,0.0129695417787,0.0137055747388,-0.0113955817516,-0.999757014941
1538071273249207387,287,1538071273248716391,map,-0.0244854260236,-0.252835899591,0.56139588356,0.0129374982534,0.0133656546466,-0.0110970800493,-0.999765390094
1538071273486490551,288,1538071273486217809,map,-0.0198161397129,-0.258511722088,0.557604968548,0.0127481747323,0.0131668437965,-0.00957345381397,-0.999786210771
1538071273728691357,289,1538071273728506433,map,-0.0152692925185,-0.257535606623,0.555513262749,0.0127403074491,0.0110465054066,-0.00799060616501,-0.999825889592
1538071273966940862,290,1538071273966685820,map,-0.0133723160252,-0.265182226896,0.554673552513,0.0152449515299,0.00859536258948,-0.00795838168285,-0.999815170597
1538071274206205009,291,1538071274206011965,map,-0.0134143596515,-0.267436414957,0.556878626347,0.0159025447036,0.00732024845252,-0.00892648746534,-0.999806901785
1538071274449372721,292,1538071274449110260,map,-0.0129767302424,-0.262616306543,0.558498740196,0.0178410207129,0.00720335553167,-0.00780235953653,-0.999784443185
1538071274699663023,293,1538071274699472678,map,-0.0118763921782,-0.257316857576,0.558620512486,0.0194455907099,0.00690127812255,-0.00746326170791,-0.999759241561
1538071274928718620,294,1538071274928537481,map,-0.0108734937385,-0.250689417124,0.559338390827,0.0182049455858,0.00669466366292,-0.00731086281167,-0.999785133276
1538071275167329485,295,1538071275167082438,map,-0.0104302661493,-0.244760021567,0.559234797955,0.0195826599413,0.00678231368153,-0.00724865536426,-0.999758959273
1538071275411348268,296,1538071275411061444,map,-0.0100324489176,-0.2394759655,0.558493077755,0.0200060765291,0.00704692016472,-0.00696612031709,-0.999750754431
1538071275647115159,297,1538071275646800765,map,-0.0090770246461,-0.23340292275,0.557243585587,0.0215013910699,0.00542853530909,-0.00567446260181,-0.999737976502
1538071275904123532,298,1538071275903529275,map,-0.00869116559625,-0.228613361716,0.557757258415,0.0210644840906,0.00437789382232,-0.00555974509665,-0.999753074909
1538071276126201564,299,1538071276125943577,map,-0.00841137766838,-0.223889052868,0.558218836784,0.0210644840906,0.00437789382232,-0.00555974509665,-0.999753074909
1538071276367717014,300,1538071276367297022,map,-0.0087204426527,-0.22035382688,0.558780014515,0.021189860921,0.00535177540503,-0.00508386812356,-0.999748219593
1538071276612741868,301,1538071276612531436,map,-0.00872161239386,-0.216760382056,0.557485759258,0.0225181589514,0.0043322861363,-0.00355900801733,-0.99973071238
1538071276848737967,302,1538071276848541670,map,-0.00873058289289,-0.21296826005,0.554934620857,0.023398955779,0.00287801303296,-0.00295798267062,-0.999717688274
1538071277100182319,303,1538071277099905388,map,-0.00935240648687,-0.210481375456,0.554117739201,0.0238443209514,0.00110013092586,-0.00220912569458,-0.999712637628
1538071277328035689,304,1538071277327813743,map,-0.0104834614322,-0.207865566015,0.55376547575,0.0227430680134,0.000704763883442,-0.00140880398673,-0.999740101945
1538071277565171782,305,1538071277564982320,map,-0.0119996182621,-0.206918686628,0.553758382797,0.0225074923612,0.000244485514021,-0.000787356871212,-0.999746334369
1538071277805876578,306,1538071277805471663,map,-0.0127624515444,-0.201715648174,0.554645776749,0.0299032982167,-0.00214405157996,0.00380567846395,-0.999543251996
1538071278044822029,307,1538071278044594725,map,-0.0135826226324,-0.194825604558,0.555448889732,0.0278911849156,-0.00162012879223,0.000376682235954,-0.999609581335
1538071278300794870,308,1538071278299423364,map,-0.014549552463,-0.190015420318,0.556294679642,0.0293221332179,-0.00115319577679,2.83277697348e-05,-0.99956934819
1538071278525575324,309,1538071278525263511,map,-0.016395131126,-0.188560977578,0.557395398617,0.0289749216172,-0.000639778023686,-0.000800864268895,-0.999579613246
1538071278767258004,310,1538071278767041987,map,-0.01869526878,-0.189536333084,0.556109726429,0.02827456761,0.00170345298253,0.000345392653507,-0.999598683362
1538071279005082480,311,1538071279004809236,map,-0.0198595654219,-0.19344240427,0.552522361279,0.0275677033773,0.0013559080466,0.00286379703282,-0.999614916811
1538071279245989457,312,1538071279245670905,map,-0.0219719186425,-0.195825070143,0.552424669266,0.0284772115858,-0.000702455712671,0.00608709389818,-0.9995756611
1538071279485582655,313,1538071279485265843,map,-0.0223413202912,-0.199857845902,0.54854619503,0.0343809913309,-0.00147036550172,0.0103258595354,-0.999354372625
1538071279728185045,314,1538071279727983429,map,-0.0252540446818,-0.206213414669,0.547970235348,0.0362191465678,-0.00436693512083,0.0153460113992,-0.999216494677
1538071279964226764,315,1538071279964005751,map,-0.0272736102343,-0.211150318384,0.550629675388,0.0327844677192,-0.00489201004818,0.0209683450786,-0.999230491638
1538071280205132625,316,1538071280204936534,map,-0.0263821221888,-0.205831006169,0.552772939205,0.0320278912369,-0.00464300949222,0.0280733465011,-0.999081850432
