%time,field.header.seq,field.header.stamp,field.header.frame_id,field.pose.position.x,field.pose.position.y,field.pose.position.z,field.pose.orientation.x,field.pose.orientation.y,field.pose.orientation.z,field.pose.orientation.w
1538079007655705612,10,1538079007655156622,map,0.00108857930172,-0.00152989011258,-0.00824725162238,0.000231705448795,0.00744194505909,0.000338603708343,-0.999972224171
1538079008652537634,11,1538079008652339214,map,0.00129795819521,-0.0019243528368,-0.00754434615374,0.000142961649733,0.00749328320633,0.000356426093274,-0.999971851218
1538079009654809690,12,1538079009654495337,map,0.000553051533643,-0.00164030934684,-0.00800765026361,0.00015659050757,0.00751000889276,0.000418395090212,-0.999971699695
1538079010656222851,13,1538079010655877240,map,-0.00541016506031,-0.0135657815263,0.0697424262762,0.000171833253443,0.00754161478575,0.000455108827768,-0.99997144329
1538079011658746158,14,1538079011658529765,map,0.0215741898865,-0.0157385300845,0.0918070599437,-0.00488643834665,0.0338250949007,0.0101699966287,-0.999364076222
1538079012659720369,15,1538079012659493039,map,-0.0118934530765,-0.0616218037903,0.349283367395,0.00871355082415,0.0980424568083,0.0436071074576,-0.99418819691
1538079012897551734,16,1538079012897346412,map,-0.0285382438451,-0.0608153603971,0.367566138506,0.00871355082415,0.0980424568083,0.0436071074576,-0.99418819691
1538079013137992461,17,1538079013137774731,map,-0.0514668747783,-0.074405580759,0.438077181578,0.0280807844165,0.121890749076,0.0966620185995,-0.987426234711
1538079013394378750,18,1538079013394163603,map,-0.067754521966,-0.0921230688691,0.517488777637,0.0278295350641,0.121686708471,0.0997920859528,-0.987147102281
1538079013617911929,19,1538079013617653129,map,-0.0725865885615,-0.0967642590404,0.570049226284,0.0281696177299,0.118529030824,0.101137285738,-0.987384722852
1538079013858698534,20,1538079013858526433,map,-0.0767021924257,-0.0927369967103,0.592008769512,0.0323055346976,0.113021640671,0.0995795944601,-0.988061923938
1538079014099160712,21,1538079014098900401,map,-0.0851675868034,-0.0993418172002,0.596403121948,0.0394852589805,0.105798304959,0.0963317748701,-0.98892255619
1538079014337637693,22,1538079014337430748,map,-0.090502589941,-0.108910277486,0.596294879913,0.0412992671763,0.0995842372135,0.0977841641322,-0.989351104247
1538079014589158151,23,1538079014588790113,map,-0.0920389145613,-0.118475228548,0.594859778881,0.039179916449,0.100759945863,0.102403536085,-0.988850789176
1538079014822630119,24,1538079014822129570,map,-0.0881708264351,-0.114944159985,0.587801277637,0.0350067591095,0.0990494538336,0.111118000345,-0.988239101893
1538079015055397665,25,1538079015055208539,map,-0.0793115571141,-0.082795239985,0.584282815456,0.0372853366433,0.0947948424439,0.122212945129,-0.987262750012
1538079015301646310,26,1538079015301443033,map,-0.077190823853,-0.0522406026721,0.581930458546,0.0416684111072,0.0948098294028,0.123149158534,-0.986969667476
1538079015542129425,27,1538079015541777475,map,-0.0838853046298,-0.0668133571744,0.580219388008,0.0456421774287,0.0925662042041,0.113367828566,-0.988178134207
1538079015785083712,28,1538079015784807715,map,-0.0901354774833,-0.0960078686476,0.580500841141,0.0461914798389,0.0899955999003,0.112170578306,-0.98852663118
1538079016017940964,29,1538079016017657529,map,-0.0869460254908,-0.104919709265,0.57952684164,0.047150547087,0.0878306474164,0.11226191761,-0.988665699384
1538079016258982354,30,1538079016258624232,map,-0.0780056044459,-0.096468552947,0.576748371124,0.048015545077,0.0846043861131,0.10925439632,-0.989242175691
1538079016499807783,31,1538079016499502284,map,-0.0664380341768,-0.0784608721733,0.571531295776,0.0479056714299,0.0838995104558,0.105349857004,-0.989730936376
1538079016741905775,32,1538079016741612340,map,-0.0593364536762,-0.0593460649252,0.565268099308,0.0429620983337,0.0842725004471,0.0967270604376,-0.990805873799
1538079016988663180,33,1538079016988089223,map,-0.0590171031654,-0.0329966135323,0.560988545418,0.0377931354275,0.0848026128252,0.0900105840446,-0.991603898002
1538079017220299360,34,1538079017219826585,map,-0.060728456825,-0.0132767725736,0.56616127491,0.0349367626309,0.0797827096024,0.0700376903595,-0.993734805567
1538079017464401775,35,1538079017464108101,map,-0.0628474056721,-0.00286076008342,0.564932227135,0.0362214928132,0.0842634544685,0.0550304280008,-0.994263207452
1538079017698020351,36,1538079017697823645,map,-0.0673130080104,0.0142360273749,0.55850237608,0.0359718806391,0.0828986110827,0.0475226606615,-0.994774065207
1538079017936667236,37,1538079017936435397,map,-0.0707080736756,0.0543210953474,0.550111889839,0.0333437235564,0.0822788347487,0.0436503010334,-0.995094488313
1538079018186752613,38,1538079018186520199,map,-0.0671120509505,0.101191096008,0.535617113113,0.0296907658828,0.0841826164665,0.035621735506,-0.99537070354
1538079018418012767,39,1538079018417734083,map,-0.0647327303886,0.143025487661,0.522680163383,0.0271514362898,0.081419018737,0.0269577515343,-0.995945290931
1538079018658948388,40,1538079018658750658,map,-0.0709028616548,0.167882055044,0.524325728416,0.0262395146508,0.0805902819072,0.0163256634244,-0.996268120059
1538079018898114679,41,1538079018897863110,map,-0.0754604712129,0.169182837009,0.530533075333,0.0243231722529,0.0822415242936,0.00191077616628,-0.996313737689
1538079019137945895,42,1538079019137776668,map,-0.0731015354395,0.174119487405,0.533909678459,0.0223110248476,0.0821628905137,-0.00111968978778,-0.996368518113
1538079019384042293,43,1538079019383761005,map,-0.0692131742835,0.215863108635,0.536906301975,0.0226740580013,0.0780839025628,0.00469285132369,-0.996677865913
1538079019618774075,44,1538079019618563509,map,-0.059719953686,0.264101147652,0.524811506271,0.0243278472339,0.0819738941149,0.00525600562955,-0.996323647686
1538079019916655427,45,1538079019916434481,map,-0.0500489249825,0.279445469379,0.514875650406,0.0255958441819,0.0761715855542,-0.00636446908715,-0.99674582309
1538079020099281123,46,1538079020099067043,map,-0.0479386635125,0.27639952302,0.514996290207,0.0276333404678,0.0752637713506,-0.0129310039366,-0.99669682068
1538079020338114043,47,1538079020337898765,map,-0.0474353805184,0.277283519506,0.519727706909,0.0273165848165,0.0745189161958,-0.0139476139742,-0.996747811328
1538079020581567023,48,1538079020581362596,map,-0.04366992414,0.287525713444,0.522828280926,0.025875823591,0.0730958039601,-0.0161996005934,-0.996857571641
1538079020818407086,49,1538079020818234767,map,-0.0400336198509,0.292363017797,0.522951900959,0.0236965773946,0.0717834649827,-0.0174308445682,-0.996986344958
1538079021056559338,50,1538079021056041051,map,-0.0385059714317,0.283781319857,0.520249426365,0.02233878273,0.069896271715,-0.0162247112283,-0.99717212593
1538079021299091596,51,1538079021298813779,map,-0.0398605391383,0.271009892225,0.517700195312,0.0204664689632,0.0663345753985,-0.00607432196271,-0.997569020353
1538079021540900056,52,1538079021540711884,map,-0.0410606265068,0.267036139965,0.520359098911,0.0171136178399,0.0652702754727,0.0108550275693,-0.99766180823
1538079021779925581,53,1538079021779645282,map,-0.0431971251965,0.249366462231,0.522444605827,0.0157858317098,0.0680727713595,0.0234623617152,-0.997279510919
1538079022016597750,54,1538079022016386494,map,-0.0409196205437,0.222961738706,0.522867262363,0.0213744104427,0.0670049763326,0.0401350195357,-0.996715931413
1538079022277113408,55,1538079022276813789,map,-0.0261101685464,0.209483012557,0.523344814777,0.0134061227497,0.0726683960847,0.0623464336124,-0.995315277839
1538079022500736940,56,1538079022500567999,map,-0.0160433705896,0.19189979136,0.53196066618,0.0116950799719,0.0771850715921,0.0804142392684,-0.993699773549
1538079022743406341,57,1538079022743239510,map,-0.0153788831085,0.185976788402,0.541641771793,0.0215204146903,0.0817021980809,0.101334944378,-0.991258216424
1538079022981616286,58,1538079022981335243,map,-0.0134189017117,0.155811786652,0.533031523228,0.0319925900537,0.0896807093397,0.111401114494,-0.989203536308
1538079023222393602,59,1538079023222082599,map,-0.00791652034968,0.0774552151561,0.515825331211,0.0319925900537,0.0896807093397,0.111401114494,-0.989203536308
1538079023469304365,60,1538079023469036774,map,-0.0100197913125,0.0058404924348,0.505265295506,0.0327605391638,0.0930771888683,0.124310638285,-0.987324794176
1538079023702050427,61,1538079023701878706,map,-0.0375701263547,-0.0475303530693,0.520210206509,0.0333869244691,0.0916778050767,0.130630689154,-0.986618526271
1538079023938281788,62,1538079023937980048,map,-0.0620377250016,-0.0867759659886,0.539170503616,0.0366631933096,0.0955135228501,0.145162525493,-0.984104068888
1538079024182147585,63,1538079024181915511,map,-0.0588309690356,-0.109621338546,0.53726619482,0.0324432856063,0.104535108851,0.158958597668,-0.981199270518
1538079024414466079,64,1538079024414183163,map,-0.0468228273094,-0.133934140205,0.527479588985,0.0267819934208,0.104350531357,0.164478290298,-0.980479772078
1538079024662911413,65,1538079024662649727,map,-0.0484523847699,-0.160511866212,0.536168396473,0.0231282352837,0.101127918856,0.166038503695,-0.980647461655
1538079024900187819,66,1538079024899989168,map,-0.0599956177175,-0.189243718982,0.553599298,0.01941111743,0.103796743591,0.165245610688,-0.980583159496
1538079025142432977,67,1538079025142112128,map,-0.0681557580829,-0.212922871113,0.561866998672,0.01941111743,0.103796743591,0.165245610688,-0.980583159496
1538079025382187759,68,1538079025381954078,map,-0.0686872154474,-0.230748876929,0.562929809093,0.0162861305688,0.103944488598,0.166312633753,-0.98044398774
1538079025622475406,69,1538079025622210712,map,-0.0715587437153,-0.241570949554,0.56169873476,0.0178885050581,0.105014739293,0.166540196783,-0.980263367046
1538079025855412310,70,1538079025855160343,map,-0.0718814283609,-0.239639699459,0.557204663754,0.0184802393624,0.104979880544,0.168615097041,-0.979901349363
1538079026095172619,71,1538079026094963939,map,-0.0727886110544,-0.236810266972,0.554208636284,0.0160351035984,0.102197131509,0.167358290073,-0.980453886987
1538079026340993431,72,1538079026340747451,map,-0.0746526420116,-0.238770142198,0.55586618185,0.0162561870315,0.100810240639,0.166493108857,-0.980741085337
1538079026582359397,73,1538079026582059474,map,-0.0745950564742,-0.240904554725,0.55893599987,0.0168957168285,0.100565957703,0.167383409667,-0.980603802293
1538079026821120991,74,1538079026820882059,map,-0.0743014588952,-0.231888279319,0.559481918812,0.0175928040625,0.0992143253356,0.168840306755,-0.980479455016
1538079027057251088,75,1538079027056974670,map,-0.0738555267453,-0.209984481335,0.561080992222,0.0191795637737,0.0968421236134,0.164243237549,-0.981467221229
1538079027302707024,76,1538079027302240297,map,-0.0731281936169,-0.201275587082,0.562610328197,0.0179425830524,0.100123377773,0.155776512175,-0.982541119339
1538079027540240922,77,1538079027540041290,map,-0.0616707541049,-0.20659776032,0.55950319767,0.0169308445645,0.101091258553,0.147142778703,-0.983790072435
1538079027782294570,78,1538079027782055643,map,-0.0535653010011,-0.215373158455,0.555178701878,0.0124199781073,0.100382484204,0.135133896581,-0.985651018872
1538079028025025441,79,1538079028024741637,map,-0.0560189932585,-0.211857929826,0.55543076992,0.011357646764,0.100175778883,0.127837701117,-0.98665766067
1538079028496352079,80,1538079028496103297,map,-0.0578326545656,-0.160885483027,0.551815867424,0.0117365567066,0.0966326929127,0.105523825129,-0.989640893571
1538079028743515428,81,1538079028743289759,map,-0.0588747002184,-0.144196689129,0.550777077675,0.0179862332204,0.0923599105985,0.0904713809369,-0.991443932636
1538079028982497674,82,1538079028982202032,map,-0.065593123436,-0.13342346251,0.554059267044,0.0197281095175,0.0910787015826,0.0787213989703,-0.992531315958
1538079029222136060,83,1538079029221877848,map,-0.0743248984218,-0.115286588669,0.554019451141,0.0192337426372,0.0967682141002,0.0720860583146,-0.992506713368
1538079029475948241,84,1538079029475719965,map,-0.0761219784617,-0.0938878431916,0.551933944225,0.0215944867307,0.099197755683,0.0667276307662,-0.992593021687
1538079029701095935,85,1538079029700836511,map,-0.0645439773798,-0.0701559484005,0.545409917831,0.023425384931,0.102336817011,0.0717056721328,-0.991885438853
1538079029941210384,86,1538079029940955685,map,-0.0501428134739,-0.0428521335125,0.535811007023,0.0222508536279,0.104095365935,0.07540525134,-0.991455043042
1538079030181095999,87,1538079030180865014,map,-0.0576963461936,-0.0183839742094,0.533980846405,0.019815813268,0.103848226397,0.0745849908884,-0.991594654359
1538079030423400774,88,1538079030423128226,map,-0.0833855718374,-0.00596306053922,0.540225207806,0.0177372038975,0.119307616832,0.0725613968523,-0.990043396953
1538079030675911416,89,1538079030675616860,map,-0.11436919868,-0.0119193186983,0.547239840031,0.0214248373515,0.132145183602,0.0695966628154,-0.988551936582
1538079030897877274,90,1538079030897639493,map,-0.138565137982,-0.0205349195749,0.545007944107,0.0184702776644,0.143453469003,0.0710480391097,-0.986930659779
1538079031142460081,91,1538079031142221662,map,-0.15881896019,-0.0125094503164,0.536777675152,0.0151584147188,0.159653662252,0.0755274232357,-0.984162861996
1538079031378852361,92,1538079031378576512,map,-0.184982553124,1.66420068127e-05,0.53303360939,0.00875296199485,0.172620085265,0.0760431566035,-0.982009740356
1538079031619831309,93,1538079031619594990,map,-0.216667845845,0.00418855203316,0.539324104786,0.0139700478977,0.18523206686,0.0741876758058,-0.979790849073
1538079031868786461,94,1538079031868583610,map,-0.243068143725,-0.0026418864727,0.544552922249,0.0191749796677,0.200137307269,0.069793461739,-0.97709070771
1538079032097933104,95,1538079032097670368,map,-0.26374861598,-0.00638633780181,0.545517444611,0.0162253363859,0.211969634275,0.072727330237,-0.974431294674
1538079032342705280,96,1538079032342408649,map,-0.282409995794,0.000901474501006,0.546336889267,0.0141487325473,0.222182892097,0.0704237439649,-0.972355424787
1538079032582386681,97,1538079032582176018,map,-0.298612833023,-0.0013498874614,0.53973698616,0.0111785651712,0.230116987356,0.0658631252588,-0.970867272361
1538079032817949398,98,1538079032817677229,map,-0.321477502584,0.00121011619922,0.536132395267,0.00950275538832,0.231635439997,0.0678013628004,-0.970390486237
1538079033069323190,99,1538079033069127623,map,-0.352732151747,0.0157523415983,0.538885653019,0.00796815455141,0.234729652263,0.0680254166403,-0.969644801746
1538079033298753807,100,1538079033298536902,map,-0.379840165377,0.0234066434205,0.540823698044,0.00809748616874,0.23869547218,0.0691497390503,-0.96859548619
1538079033538046631,101,1538079033537737428,map,-0.393639326096,0.0241112038493,0.545269072056,0.00845294750492,0.239776221044,0.072021854326,-0.968116090146
1538079033782689211,102,1538079033782342267,map,-0.391166508198,0.0254571512342,0.548956155777,0.0102884255174,0.237014623248,0.0752773478376,-0.968530607451
1538079034018827182,103,1538079034018604867,map,-0.392067551613,0.0257627256215,0.549397706985,0.0152104329116,0.236362901693,0.0807798029731,-0.968181720993
1538079034277968236,104,1538079034277732116,map,-0.386527955532,0.0257341582328,0.549198389053,0.0188286054632,0.232729893342,0.0864643878946,-0.968507196663
1538079034502692717,105,1538079034502405218,map,-0.365945249796,0.0156744793057,0.545954942703,0.0221279842764,0.233582024307,0.0854236677472,-0.968324629048
1538079034739197134,106,1538079034738994747,map,-0.35570654273,0.0112732024863,0.55730599165,0.0195070660342,0.221458128085,0.088376812926,-0.970961024355
1538079034983403720,107,1538079034983163932,map,-0.343700945377,0.021818080917,0.572685599327,0.0138015109777,0.209264189211,0.0843078432254,-0.974120221009
1538079035217774398,108,1538079035217362912,map,-0.316930115223,0.0201915353537,0.575789809227,0.0177944961084,0.195161766221,0.0781100240209,-0.977493767275
1538079035474455291,109,1538079035474252188,map,-0.288350760937,0.000989505206235,0.552651464939,0.0161802588259,0.186887081326,0.0643544919943,-0.980137703294
1538079035695582421,110,1538079035695402268,map,-0.274551004171,-0.0104600014165,0.536650240421,0.0111369236505,0.172871691545,0.0541122363205,-0.983393722308
1538079035944015417,111,1538079035943781166,map,-0.255867481232,-0.00960658676922,0.547105133533,0.0132207012371,0.160275839089,0.0523475352394,-0.985594543419
1538079036178755077,112,1538079036178477708,map,-0.226973071694,0.00163508870173,0.560279130936,0.0150219827241,0.152827772986,0.0519133460197,-0.986774045232
1538079036419058574,113,1538079036418862529,map,-0.195255130529,0.00744639476761,0.558552145958,0.00915861770166,0.141558809878,0.053474805542,-0.988442040911
1538079036661816111,114,1538079036661587868,map,-0.161125555634,-0.00452756462619,0.558179020882,0.00659379761514,0.128069024064,0.0621931504858,-0.989791320906
1538079036900664747,115,1538079036900486894,map,-0.117774657905,0.00344347837381,0.564395487309,0.00851328530625,0.125434132449,0.0726608502951,-0.989400931486
1538079037144358823,116,1538079037144014932,map,-0.0648441910744,0.00783666223288,0.563719511032,0.013927991201,0.129779597846,0.0722462506308,-0.98880925679
1538079037378618653,117,1538079037378131635,map,-0.0163472238928,0.00193830800708,0.551926910877,0.0123094137038,0.131369501305,0.0690246195228,-0.988850916145
1538079037619685439,118,1538079037619486062,map,0.0145013816655,-0.0123925749213,0.539779782295,0.0116708201018,0.129131268495,0.0669930058364,-0.989293103496
1538079037864508637,119,1538079037864274082,map,0.0228010695428,-0.0253391899168,0.540496528149,0.00917784544398,0.126499055878,0.0666255270966,-0.989684189605
1538079038098770101,120,1538079038098507832,map,0.0209721848369,-0.0303164385259,0.545635342598,0.00856731917353,0.126016330598,0.0661742010416,-0.989781521641
1538079038342866284,121,1538079038342682322,map,0.0198985300958,-0.030098227784,0.546257436275,0.00850754642188,0.125236482436,0.0659681816207,-0.989894764172
1538079038584492775,122,1538079038584208574,map,0.0199659876525,-0.0295223034918,0.543015539646,0.0107923206867,0.124869995826,0.065475215994,-0.989951517018
1538079038821431558,123,1538079038821253414,map,0.0183456148952,-0.0210822131485,0.540927231312,0.0134355983588,0.124632156117,0.0646971647863,-0.990000296579
1538079039063285561,124,1538079039063085086,map,0.016080820933,-0.00172563677188,0.538525700569,0.0155017156314,0.123338364085,0.0628843601363,-0.990248909117
1538079039302812836,125,1538079039302596849,map,0.0121852410957,0.0151104945689,0.537576794624,0.029124179679,0.118248581125,0.0564043032759,-0.990952879703
1538079039557050500,126,1538079039556805266,map,0.00448762858286,0.0289241876453,0.536675691605,0.0546489370602,0.114408022248,0.0495297400627,-0.990692234235
1538079039777078744,127,1538079039776861114,map,-0.00148346507922,0.0359407141805,0.530088365078,0.0546489370602,0.114408022248,0.0495297400627,-0.990692234235
1538079040021720796,128,1538079040021414639,map,-0.00299870176241,0.0471636168659,0.526397824287,0.103473501727,0.106498315017,0.0415403005557,-0.988041368956
1538079040261555833,129,1538079040261360137,map,-0.00786211248487,0.0535845980048,0.525914847851,0.124408095751,0.107410738895,0.0357691706856,-0.985751553542
1538079040502828407,130,1538079040502611893,map,-0.0176441539079,0.0709428712726,0.531434118748,0.139047059484,0.10035402183,0.0401873129672,-0.984367799874
1538079040757137658,131,1538079040756968474,map,-0.0294056069106,0.105409391224,0.535003244877,0.152960641323,0.0995866749518,0.0442117211441,-0.98220713706
1538079040982988196,132,1538079040982775183,map,-0.0409760065377,0.147141233087,0.528807520866,0.166468357929,0.101454282764,0.0499822215585,-0.979539224251
1538079041221402691,133,1538079041221146033,map,-0.0559772513807,0.187730237842,0.524215042591,0.176289389441,0.100565564646,0.0421750888524,-0.978279040079
1538079041464329875,134,1538079041464123009,map,-0.0745162144303,0.223534539342,0.522365629673,0.181265561928,0.105659031181,0.0319130250589,-0.977220816408
1538079041702920495,135,1538079041702673039,map,-0.0854138657451,0.247206702828,0.515766084194,0.171148947895,0.115994819524,0.0155420477507,-0.978269740015
1538079041937033711,136,1538079041936738418,map,-0.0945170000196,0.272251009941,0.51055508852,0.175545732938,0.116469809085,0.0023787925106,-0.977554510278
1538079042182928152,137,1538079042182741954,map,-0.104961916804,0.289998322725,0.508841753006,0.169079435051,0.122988686793,-0.0143482078481,-0.977793463107
1538079042420687506,138,1538079042420340906,map,-0.111018463969,0.313761264086,0.510278761387,0.154940232472,0.129501689204,-0.0200657923182,-0.979193648281
1538079042661406181,139,1538079042661157638,map,-0.114133194089,0.34124365449,0.510163724422,0.13595863596,0.133407653067,-0.0303656607642,-0.981221470443
1538079042897955293,140,1538079042897729917,map,-0.116887800395,0.356112062931,0.506971359253,0.121965035142,0.136504965866,-0.0342714894044,-0.982505160043
1538079043162866548,141,1538079043162665580,map,-0.121898569167,0.368876665831,0.506160080433,0.115965442002,0.134681952951,-0.035956817645,-0.983422541472
1538079043375069906,142,1538079043374890841,map,-0.12661011517,0.383781641722,0.507415413857,0.113356487471,0.135450271958,-0.0351208246812,-0.98365139061
1538079043618546256,143,1538079043618266191,map,-0.129803642631,0.395676344633,0.510247707367,0.113071625934,0.133859497207,-0.0338665979457,-0.983945880605
1538079043865912171,144,1538079043865495411,map,-0.129907041788,0.393620193005,0.513267755508,0.102480071328,0.134583140052,-0.0328900062894,-0.985039827053
1538079044100350332,145,1538079044100149038,map,-0.132403463125,0.381106674671,0.514492630959,0.0881824058644,0.135688915864,-0.0288746411286,-0.986396794656
1538079044355698827,146,1538079044355480284,map,-0.138103023171,0.36834576726,0.517581343651,0.0734163925134,0.131757845248,-0.0198224274871,-0.988360751393
1538079044581077472,147,1538079044580844467,map,-0.13977855444,0.360051423311,0.520562529564,0.0619690649815,0.133243822812,-0.0115149000282,-0.989077006984
1538079044820996008,148,1538079044820763683,map,-0.136704057455,0.35066062212,0.518651664257,0.0500449054518,0.138492674606,0.00106247871349,-0.989097648191
1538079045060543156,149,1538079045060303129,map,-0.132034346461,0.336316496134,0.513747572899,0.0371475272771,0.143544246424,0.0173433043807,-0.988794377173
1538079045301145715,150,1538079045300914483,map,-0.132074579597,0.316880851984,0.513592243195,0.0247259602178,0.145058963619,0.0234833937478,-0.98883520072
1538079045558632314,151,1538079045558448483,map,-0.138004243374,0.298407495022,0.522793352604,0.0152502848689,0.145458117605,0.0375236096051,-0.98853494807
1538079045781240629,152,1538079045781006645,map,-0.137000471354,0.263010293245,0.531945884228,0.00618155892426,0.147996873225,0.0463696407276,-0.987880848212
1538079046021211315,153,1538079046020997904,map,-0.133256673813,0.216493502259,0.530939877033,-0.00707304008845,0.160557104208,0.0604346745604,-0.985149246817
1538079046264289071,154,1538079046264071973,map,-0.137255638838,0.169470474124,0.529188156128,-0.0116016295952,0.159476284909,0.0730911188418,-0.984423895021
1538079046502731114,155,1538079046502509796,map,-0.145692005754,0.110166564584,0.536818146706,-0.0194040038743,0.160980977694,0.0818219889484,-0.983368583787
1538079046750207491,156,1538079046749971283,map,-0.151678666472,0.0590724758804,0.545089364052,-0.0299988405335,0.170005934603,0.0943423554069,-0.98045783782
1538079046979321968,157,1538079046979013517,map,-0.154373466969,0.0171891823411,0.542006909847,-0.0299988405335,0.170005934603,0.0943423554069,-0.98045783782
1538079047221411695,158,1538079047221111475,map,-0.159556657076,-0.0254696179181,0.534949719906,-0.0442571149181,0.186998538404,0.109812669212,-0.975199483231
1538079047462391677,159,1538079047462215227,map,-0.170109063387,-0.066772788763,0.535481452942,-0.0441003582387,0.188718596199,0.114658443711,-0.974317140944
1538079047700955229,160,1538079047700738576,map,-0.177577957511,-0.0992311984301,0.542483389378,-0.0474259019095,0.192044086627,0.118397927806,-0.973063093181
1538079047953809825,161,1538079047953356173,map,-0.184917703271,-0.128101527691,0.549551486969,-0.0498289309011,0.19648274613,0.12019400375,-0.971835896425
1538079048179690847,162,1538079048179409669,map,-0.196653530002,-0.17035292089,0.547387123108,-0.0497443493435,0.201066820678,0.119082389165,-0.971039143352
1538079048421125898,163,1538079048420863608,map,-0.208089113235,-0.200026512146,0.548537790775,-0.0481679783538,0.196833181155,0.12050928207,-0.971809681776
1538079048661277440,164,1538079048661059325,map,-0.218479275703,-0.21013751626,0.555491328239,-0.0494960516699,0.196880831483,0.119219428263,-0.971892384469
1538079048899267532,165,1538079048899034275,map,-0.22658495605,-0.214895889163,0.565570354462,-0.0509575567855,0.197285856057,0.115766583011,-0.972152105724
1538079049158383257,166,1538079049158160827,map,-0.230232432485,-0.223267063498,0.565962076187,-0.0503591476443,0.201266599029,0.114722700213,-0.971490820553
1538079049376283541,167,1538079049376062801,map,-0.226956948638,-0.222636952996,0.561212897301,-0.0506242790835,0.200824320439,0.116077769134,-0.971407600444
1538079049621404396,168,1538079049621135790,map,-0.224364727736,-0.217708870769,0.559357702732,-0.0506751386317,0.198517754755,0.11497881626,-0.972009569492
1538079049863384040,169,1538079049863140695,map,-0.223268166184,-0.21517406404,0.563119888306,-0.0491194488092,0.195568964211,0.114468965437,-0.972747097625
1538079050101382753,170,1538079050101177717,map,-0.222763627768,-0.21327739954,0.566723644733,-0.049043644864,0.194478771033,0.114579312993,-0.972956478754
1538079050349351911,171,1538079050349086344,map,-0.214513540268,-0.210325747728,0.563410162926,-0.045337919066,0.193601982629,0.112896493146,-0.973507641086
1538079050581666520,172,1538079050581251347,map,-0.205678522587,-0.201033547521,0.56283146143,-0.04033663423,0.18736881878,0.112796165001,-0.974957900039
1538079050821541139,173,1538079050821283437,map,-0.199069455266,-0.189075112343,0.563644230366,-0.0289940900729,0.185052434503,0.108197274869,-0.976323864779
1538079051058951327,174,1538079051058719619,map,-0.193619579077,-0.180627837777,0.562023341656,-0.0152415097203,0.180781615621,0.101746871639,-0.978127434411
1538079051298365249,175,1538079051298114795,map,-0.191792219877,-0.177980527282,0.558942198753,-0.00369192646042,0.175425895251,0.094486740519,-0.979941008847
1538079051545235246,176,1538079051544959121,map,-0.183473795652,-0.174207210541,0.555336475372,0.0166641574368,0.16466091596,0.0848088787327,-0.982556126997
1538079051782139783,177,1538079051781902209,map,-0.170305460691,-0.159947857261,0.552216470242,0.0424562045145,0.151243407401,0.0763385470794,-0.984629538784
1538079052019552274,178,1538079052019279271,map,-0.175643712282,-0.151395514607,0.552463054657,0.0527827464035,0.134642290664,0.0525070070508,-0.988093340458
1538079052263095037,179,1538079052262911093,map,-0.170830696821,-0.147304102778,0.554649174213,0.0510711631044,0.120538625004,0.0349327146872,-0.990778422063
1538079052502593598,180,1538079052502376162,map,-0.152028024197,-0.127986639738,0.566431879997,0.0510711631044,0.120538625004,0.0349327146872,-0.990778422063
1538079052746410709,181,1538079052746229334,map,-0.125627085567,-0.104912653565,0.560363471508,0.0278957343914,0.0813464680807,0.0531336792967,-0.994877576518
1538079052980385494,182,1538079052980104400,map,-0.104812420905,-0.086105696857,0.542624235153,0.0148333004714,0.0577916237999,0.0658687055946,-0.996042878113
1538079053222842455,183,1538079053222513504,map,-0.0897329002619,-0.0513696819544,0.53955334425,0.016642510959,0.0368122703828,0.0757958323626,-0.996304609733
1538079053466491807,184,1538079053466225053,map,-0.0729294642806,-0.0150487506762,0.539433181286,0.0196825485514,0.0242969822755,0.0790010270067,-0.996384008135
1538079053699574964,185,1538079053699360009,map,-0.0724946334958,-0.0173428505659,0.542505741119,0.00717918676813,0.0234840291561,0.0638754714861,-0.997655694012
1538079053944349761,186,1538079053944096009,map,-0.0637139230967,-0.0365645438433,0.559402644634,0.0171425395606,0.0439985269246,0.0742904618142,-0.996118060397
1538079054176373954,187,1538079054176147076,map,-0.0445401333272,-0.0343436002731,0.576961576939,0.00673599226348,0.0436650825874,0.0690500581072,-0.996634374506
1538079054420063159,188,1538079054419799919,map,-0.0248822644353,-0.0303563568741,0.576734364033,0.00498229705455,0.0407147326282,0.073582819821,-0.996445209678
1538079054660634837,189,1538079054660452530,map,-0.00041337357834,-0.0354974083602,0.551659166813,0.000319336079743,0.0272511687339,0.082893337128,-0.996185708835
1538079054898092253,190,1538079054897827409,map,0.0120462030172,-0.0445464886725,0.533534884453,-0.000617206428943,0.0336712883647,0.0775408881523,-0.996420229652
1538079055140131817,191,1538079055139876359,map,0.008505333215,-0.056889038533,0.534135878086,0.01091348422,0.0195561373982,0.0662732683006,-0.997550152755
1538079055380348262,192,1538079055379706420,map,0.0104172900319,-0.0322179235518,0.532620370388,0.0145524832166,0.0109271008247,0.0667378746588,-0.997604570853
1538079055619783352,193,1538079055619567709,map,0.0112440371886,0.00473169470206,0.527802944183,0.0205799597339,0.00499408132457,0.046976324897,-0.998671492188
1538079055861612114,194,1538079055861401220,map,0.0155134974048,-0.000623429485131,0.524299025536,0.027890143264,0.00434027491538,0.0292199692032,-0.999174406859
1538079056101801491,195,1538079056101509587,map,0.0111942272633,-0.0400776006281,0.532182574272,0.0155393879767,0.00967132627665,0.0152871642298,-0.9997156073
1538079056339943374,196,1538079056339676990,map,-0.000335225835443,-0.0490272901952,0.544681429863,0.0212472149814,0.00924790658492,0.0265446870685,-0.999379013021
1538079056819945825,197,1538079056819596511,map,0.0248115696013,0.0229777302593,0.509102523327,0.026096202582,0.0124609338661,0.0345258650297,-0.998985324207
1538079057061731184,198,1538079057061273493,map,0.0230204612017,0.0318648181856,0.494875431061,0.023563989004,0.0173476860555,0.0310009088968,-0.999090956749
1538079057299840531,199,1538079057299605906,map,0.0141615644097,0.0276006292552,0.496719896793,0.019369822442,0.0197612979531,0.032185002443,-0.999098807276
1538079057539813081,200,1538079057539573301,map,0.0081429798156,0.028513668105,0.503515481949,0.0221105432006,0.0197061423746,0.0353385850873,-0.99893642252
1538079057779791417,201,1538079057779500437,map,0.00939455535263,0.0341818407178,0.502284228802,0.0220177228257,0.0197932669487,0.0349666321902,-0.99894983913
1538079058034529075,202,1538079058034302017,map,0.00855148490518,0.0350786074996,0.504197895527,0.0225438314851,0.0152900825272,0.031458062964,-0.999133814518
1538079058259784647,203,1538079058259582479,map,0.00425328407437,0.0347180590034,0.51111882925,0.0216859238398,0.0176480190158,0.0304955460926,-0.999143778343
1538079058499591350,204,1538079058499353307,map,0.00409907242283,0.0357081182301,0.516419053078,0.0196477086578,0.019401021659,0.0273746183777,-0.999243813177
1538079058742994611,205,1538079058742756210,map,0.00495866267011,0.0313750356436,0.51655381918,0.017720604851,0.020336255186,0.0222805913347,-0.99938780868
1538079058979345348,206,1538079058979041118,map,0.000456678448245,0.0275693964213,0.510806262493,0.018142442062,0.021062685457,0.021594735501,-0.999380249192
1538079059235618404,207,1538079059235367681,map,-0.00649834610522,0.0350443609059,0.512221813202,0.018142442062,0.021062685457,0.021594735501,-0.999380249192
1538079059463128145,208,1538079059462891792,map,-0.00411278847605,0.0453075245023,0.518211126328,0.0110638113779,0.0191207319303,0.0245523286442,-0.999454437604
1538079059702022993,209,1538079059701715467,map,0.00324208126403,0.0477778278291,0.51520216465,0.00876342448668,0.0241344079034,0.025829414474,-0.999336566975
1538079059939799052,210,1538079059939487010,map,0.00655732862651,0.049066491425,0.514146327972,0.00710522464629,0.0218994622165,0.0246968436239,-0.999429835082
