%time,field.header.seq,field.header.stamp,field.header.frame_id,field.pose.position.x,field.pose.position.y,field.pose.position.z,field.pose.orientation.x,field.pose.orientation.y,field.pose.orientation.z,field.pose.orientation.w
1538079006894653607,440,1538079006894444874,map,0.0,0.0,0.0,0.0,0.0,0.0,1.0
1538079006929182863,441,1538079006928984318,map,0.0,0.0,0.0,0.0,0.0,0.0,1.0
1538079006961331230,442,1538079006961052897,map,0.0,0.0,0.0,0.0,0.0,0.0,1.0
1538079006996740624,443,1538079006996559878,map,0.0,0.0,0.0,0.0,0.0,0.0,1.0
1538079007030206931,444,1538079007029976496,map,0.0,0.0,0.0,0.0,0.0,0.0,1.0
1538079007062001251,445,1538079007061752758,map,0.0,0.0,0.0,0.0,0.0,0.0,1.0
1538079007096634829,446,1538079007096448190,map,0.0,0.0,0.0,0.0,0.0,0.0,1.0
1538079007127723318,447,1538079007127570293,map,0.0,0.0,0.0,0.0,0.0,0.0,1.0
1538079007162040180,448,1538079007161832069,map,0.0,0.0,0.0,0.0,0.0,0.0,1.0
1538079007197832324,449,1538079007197642029,map,0.0,0.0,0.0,0.0,0.0,0.0,1.0
1538079007231192331,450,1538079007231038208,map,0.0,0.0,0.0,0.0,0.0,0.0,1.0
1538079007261791091,451,1538079007261611621,map,0.0,0.0,0.0,0.0,0.0,0.0,1.0
1538079007296456588,452,1538079007296279937,map,0.0,0.0,0.0,0.0,0.0,0.0,1.0
1538079007329078286,453,1538079007328820548,map,0.0,0.0,0.0,0.0,0.0,0.0,1.0
1538079007371255590,454,1538079007370753185,map,0.0,0.0,0.0,0.0,0.0,0.0,1.0
1538079007395917378,455,1538079007395752744,map,0.0,0.0,0.0,0.0,0.0,0.0,1.0
1538079007428380829,456,1538079007428189392,map,0.0,0.0,0.0,0.0,0.0,0.0,1.0
1538079007461667618,457,1538079007461447070,map,0.0,0.0,0.0,0.0,0.0,0.0,1.0
1538079007496869569,458,1538079007496664049,map,0.0,0.0,0.0,0.0,0.0,0.0,1.0
1538079007531790661,459,1538079007531555275,map,0.0,0.0,0.0,0.0,0.0,0.0,1.0
1538079007567051536,460,1538079007566764515,map,0.0,0.0,0.0,0.0,0.0,0.0,1.0
1538079007598663213,461,1538079007597950119,map,0.0,0.0,0.0,0.0,0.0,0.0,1.0
1538079007630059076,462,1538079007629800314,map,0.0,0.0,0.0,0.0,0.0,0.0,1.0
1538079007672051519,463,1538079007671790371,map,0.0,0.0,0.0,0.0,0.0,0.0,1.0
1538079007694646316,464,1538079007694453656,map,0.0,0.0,0.0,0.0,0.0,0.0,1.0
1538079007728706484,465,1538079007728504936,map,0.0,0.0,0.0,0.0,0.0,0.0,1.0
1538079007762037662,466,1538079007761842698,map,0.0,0.0,0.0,0.0,0.0,0.0,1.0
1538079007794122513,467,1538079007793946906,map,0.0,0.0,0.0,0.0,0.0,0.0,1.0
1538079007827493887,468,1538079007827267123,map,0.0,0.0,0.0,0.0,0.0,0.0,1.0
1538079007861267893,469,1538079007861103124,map,0.0,0.0,0.0,0.0,0.0,0.0,1.0
1538079007894035182,470,1538079007893901058,map,0.0,0.0,0.0,0.0,0.0,0.0,1.0
1538079007927442529,471,1538079007927284135,map,0.0,0.0,0.0,0.0,0.0,0.0,1.0
1538079007962687522,472,1538079007962454312,map,0.0,0.0,0.0,0.0,0.0,0.0,1.0
1538079007994476398,473,1538079007994312883,map,0.0,0.0,0.0,0.0,0.0,0.0,1.0
1538079008028607774,474,1538079008028269264,map,0.0,0.0,0.0,0.0,0.0,0.0,1.0
1538079008062761025,475,1538079008062439540,map,0.0,0.0,0.0,0.0,0.0,0.0,1.0
1538079008096240001,476,1538079008095986081,map,0.0,0.0,0.0,0.0,0.0,0.0,1.0
1538079008129799368,477,1538079008129483527,map,0.0,0.0,0.0,0.0,0.0,0.0,1.0
1538079008162861713,478,1538079008162604795,map,0.0,0.0,0.0,0.0,0.0,0.0,1.0
1538079008196407565,479,1538079008196194234,map,0.0,0.0,0.0,0.0,0.0,0.0,1.0
1538079008230597334,480,1538079008230364070,map,0.0,0.0,0.0,0.0,0.0,0.0,1.0
1538079008269444085,481,1538079008269116292,map,0.0,0.0,0.0,0.0,0.0,0.0,1.0
1538079008296532999,482,1538079008296306807,map,0.0,0.0,0.0,0.0,0.0,0.0,1.0
1538079008334179833,483,1538079008333794571,map,0.0,0.0,0.0,0.0,0.0,0.0,1.0
1538079008370577125,484,1538079008370294054,map,0.0,0.0,0.0,0.0,0.0,0.0,1.0
1538079008395002208,485,1538079008394862502,map,0.0,0.0,0.0,0.0,0.0,0.0,1.0
1538079008427851298,486,1538079008427656771,map,0.0,0.0,0.0,0.0,0.0,0.0,1.0
1538079008461252748,487,1538079008461044692,map,0.0,0.0,0.0,0.0,0.0,0.0,1.0
1538079008496990702,488,1538079008496776105,map,0.0,0.0,0.0,0.0,0.0,0.0,1.0
1538079008527620113,489,1538079008527466023,map,0.0,0.0,0.0,0.0,0.0,0.0,1.0
1538079008568827461,490,1538079008568512315,map,0.0,0.0,0.0,0.0,0.0,0.0,1.0
1538079008595751859,491,1538079008595602665,map,0.0,0.0,0.0,0.0,0.0,0.0,1.0
1538079008627474897,492,1538079008627300695,map,0.0,0.0,0.0,0.0,0.0,0.0,1.0
1538079008660689611,493,1538079008660518117,map,0.0,0.0,0.0,0.0,0.0,0.0,1.0
1538079008695275810,494,1538079008695072797,map,0.0,0.0,0.0,0.0,0.0,0.0,1.0
1538079008727555389,495,1538079008727363748,map,0.0,0.0,0.0,0.0,0.0,0.0,1.0
1538079008761238656,496,1538079008761064434,map,0.0,0.0,0.0,0.0,0.0,0.0,1.0
1538079008794558624,497,1538079008794388667,map,0.0,0.0,0.0,0.0,0.0,0.0,1.0
1538079008827997305,498,1538079008827778834,map,0.0,0.0,0.0,0.0,0.0,0.0,1.0
1538079008861185663,499,1538079008861028740,map,0.0,0.0,0.0,0.0,0.0,0.0,1.0
1538079008895155830,500,1538079008894985793,map,0.0,0.0,0.0,0.0,0.0,0.0,1.0
1538079008933811734,501,1538079008933431426,map,0.0,0.0,0.0,0.0,0.0,0.0,1.0
1538079008969862504,502,1538079008969616560,map,0.0,0.0,0.0,0.0,0.0,0.0,1.0
1538079008996639713,503,1538079008996377160,map,0.0,0.0,0.0,0.0,0.0,0.0,1.0
1538079009027799720,504,1538079009027642244,map,0.0,0.0,0.0,0.0,0.0,0.0,1.0
1538079009061257459,505,1538079009061107132,map,0.0,0.0,0.0,0.0,0.0,0.0,1.0
1538079009094414095,506,1538079009094250104,map,0.0,0.0,0.0,0.0,0.0,0.0,1.0
1538079009129628402,507,1538079009129438408,map,0.0,0.0,0.0,0.0,0.0,0.0,1.0
1538079009166174225,508,1538079009165866329,map,0.0,0.0,0.0,0.0,0.0,0.0,1.0
1538079009196827582,509,1538079009196480856,map,0.0,0.0,0.0,0.0,0.0,0.0,1.0
1538079009227861191,510,1538079009227632320,map,0.0,0.0,0.0,0.0,0.0,0.0,1.0
1538079009263456588,511,1538079009263268944,map,0.0,0.0,0.0,0.0,0.0,0.0,1.0
1538079009295779119,512,1538079009295549472,map,0.0,0.0,0.0,0.0,0.0,0.0,1.0
1538079009329560255,513,1538079009329397549,map,0.0,0.0,0.0,0.0,0.0,0.0,1.0
1538079009363340361,514,1538079009363118464,map,0.0,0.0,0.0,0.0,0.0,0.0,1.0
1538079009396511849,515,1538079009396263283,map,0.0,0.0,0.0,0.0,0.0,0.0,1.0
1538079009431137518,516,1538079009430924347,map,0.0,0.0,0.0,0.0,0.0,0.0,1.0
1538079009462846882,517,1538079009462613629,map,0.0,0.0,0.0,0.0,0.0,0.0,1.0
1538079009496148643,518,1538079009495920789,map,0.0,0.0,0.0,0.0,0.0,0.0,1.0
1538079009529399617,519,1538079009529165387,map,0.0,0.0,0.0,0.0,0.0,0.0,1.0
1538079009562731015,520,1538079009562524161,map,0.0,0.0,0.0,0.0,0.0,0.0,1.0
1538079009596123299,521,1538079009595875365,map,0.0,0.0,0.0,0.0,0.0,0.0,1.0
1538079009629352185,522,1538079009629099310,map,0.0,0.0,0.0,0.0,0.0,0.0,1.0
1538079009662793632,523,1538079009662579708,map,0.0,0.0,0.0,0.0,0.0,0.0,1.0
1538079009694218769,524,1538079009694050807,map,0.0,0.0,0.0,0.0,0.0,0.0,1.0
1538079009727606756,525,1538079009727379605,map,0.0,0.0,0.0,0.0,0.0,0.0,1.0
1538079009760047371,526,1538079009759885573,map,0.0,0.0,0.0,0.0,0.0,0.0,1.0
1538079009795914152,527,1538079009795720619,map,0.0,0.0,0.0,0.0,0.0,0.0,1.0
1538079009836902941,528,1538079009836476628,map,0.0,0.0,0.0,0.0,0.0,0.0,1.0
1538079009864752253,529,1538079009864552059,map,0.0,0.0,0.0,0.0,0.0,0.0,1.0
1538079009895687015,530,1538079009895475829,map,0.0,0.0,0.0,0.0,0.0,0.0,1.0
1538079009929149308,531,1538079009928989586,map,0.0,0.0,0.0,0.0,0.0,0.0,1.0
1538079009966622020,532,1538079009966350987,map,0.0,0.0,0.0,0.0,0.0,0.0,1.0
1538079009998980566,533,1538079009998754699,map,0.0,0.0,0.0,0.0,0.0,0.0,1.0
1538079010028734654,534,1538079010028594499,map,0.0,0.0,0.0,0.0,0.0,0.0,1.0
1538079010062909408,535,1538079010062762033,map,0.0,0.0,0.0,0.0,0.0,0.0,1.0
1538079010095590985,536,1538079010095383345,map,0.0,0.0,0.0,0.0,0.0,0.0,1.0
1538079010137313438,537,1538079010136879656,map,0.0,0.0,0.0,0.0,0.0,0.0,1.0
1538079010161184724,538,1538079010160926557,map,0.0,0.0,0.0,0.0,0.0,0.0,1.0
1538079010194110594,539,1538079010193966311,map,0.0,0.0,0.0,0.0,0.0,0.0,1.0
1538079010227497102,540,1538079010227293617,map,0.0,0.0,0.0,0.0,0.0,0.0,1.0
1538079010261184782,541,1538079010261040264,map,0.0,0.0,0.0,0.0,0.0,0.0,1.0
1538079010294528461,542,1538079010294360992,map,0.0,0.0,0.0,0.0,0.0,0.0,1.0
1538079010327998249,543,1538079010327788967,map,0.0,0.0,0.0,0.0,0.0,0.0,1.0
1538079010367599154,544,1538079010367390890,map,0.0,0.0,0.0,0.0,0.0,0.0,1.0
1538079010393969203,545,1538079010393818796,map,0.0,0.0,0.0,0.0,0.0,0.0,1.0
1538079010427069345,546,1538079010426930958,map,0.0,0.0,0.0,0.0,0.0,0.0,1.0
1538079010460776581,547,1538079010460589328,map,0.0,0.0,0.0,0.0,0.0,0.0,1.0
1538079010494629968,548,1538079010494428860,map,0.0,0.0,0.0,0.0,0.0,0.0,1.0
1538079010528044695,549,1538079010527804146,map,0.0,0.0,0.0,0.0,0.0,0.0,1.0
1538079010561324143,550,1538079010561105818,map,0.0,0.0,0.0,0.0,0.0,0.0,1.0
1538079010595807394,551,1538079010595602850,map,0.0,0.0,0.0,0.0,0.0,0.0,1.0
1538079010629259483,552,1538079010628984614,map,0.0,0.0,0.0,0.0,0.0,0.0,1.0
1538079010663527971,553,1538079010663074050,map,0.0,0.0,0.0,0.0,0.0,0.0,1.0
1538079010695335180,554,1538079010695205120,map,0.0,0.0,0.0,0.0,0.0,0.0,1.0
1538079010741986988,555,1538079010741734915,map,0.0,0.0,0.0,0.0,0.0,0.0,1.0
1538079010764131278,556,1538079010763932440,map,0.0,0.0,0.0,0.0,0.0,0.0,1.0
1538079010795066553,557,1538079010794939327,map,0.0,0.0,0.0,0.0,0.0,0.0,1.0
1538079010828288284,558,1538079010828138861,map,0.0,0.0,0.0,0.0,0.0,0.0,1.0
1538079010863622036,559,1538079010863406216,map,0.0,0.0,0.0,0.0,0.0,0.0,1.0
1538079010898616966,560,1538079010898277142,map,0.0,0.0,0.0,0.0,0.0,0.0,1.0
1538079010929256301,561,1538079010929033122,map,0.0,0.0,0.0,0.0,0.0,0.0,1.0
1538079010965849782,562,1538079010965645195,map,0.0,0.0,0.0,0.0,0.0,0.0,1.0
1538079010996257415,563,1538079010996007099,map,0.0,0.0,0.0,0.0,0.0,0.0,1.0
1538079011032702270,564,1538079011032470642,map,0.0,0.0,0.0,0.0,0.0,0.0,1.0
1538079011066039643,565,1538079011065814534,map,0.0,0.0,0.0,0.0,0.0,0.0,1.0
1538079011097543124,566,1538079011097377770,map,0.0,0.0,0.0,0.0,0.0,0.0,1.0
1538079011129291163,567,1538079011129082242,map,0.0120677212917,-0.0297156638988,0.213404547785,0.00461310467959,-0.0065190763449,-0.0502020824123,0.998707150185
1538079011229577757,568,1538079011229424765,map,0.0110271708478,-0.030145219563,0.217043767824,0.00038396942537,-0.0187277086317,-0.0546785304672,0.998328294602
1538079011346437845,569,1538079011346063147,map,0.00896886166442,-0.0313683039541,0.22362897107,0.00699237165403,-0.0356741867907,-0.0622758056419,0.997396703006
1538079011429819284,570,1538079011429689362,map,0.00687519174924,-0.0329411770478,0.232757237377,0.00587028227458,-0.0431446401871,-0.0677266039429,0.996753323008
1538079011533771953,571,1538079011533559299,map,0.00476986085274,-0.0345154508629,0.24414107882,0.0083979588614,-0.0479484780767,-0.0702262442019,0.996342658106
1538079011633768643,572,1538079011633587162,map,0.00229710043498,-0.0360255634884,0.257280885074,0.00814296057912,-0.0565996981936,-0.0731359360484,0.995681325132
1538079011733861953,573,1538079011733679157,map,-0.00048839490929,-0.0374599966179,0.271846673685,0.013051125049,-0.0585626262499,-0.076459477781,0.995265811328
1538079011832102504,574,1538079011831874939,map,-0.00437855993817,-0.0392742714669,0.287295833802,0.0168382091235,-0.074734056402,-0.0812551668456,0.993744883453
1538079011931983960,575,1538079011931820032,map,-0.00838826418936,-0.0414840203296,0.303753833324,0.01017816889,-0.0756578038516,-0.087313440042,0.993251561681
1538079012032350770,576,1538079012032171284,map,-0.0111204743855,-0.0439038870411,0.321247842843,0.0125108877932,-0.0633382484329,-0.0958776294512,0.993297147959
1538079012148946768,577,1538079012148620008,map,-0.0152371477781,-0.0489198892252,0.339065426954,0.0359901005251,-0.0796200540685,-0.100087799478,0.991134598352
1538079012233291740,578,1538079012233151771,map,-0.0203028457274,-0.0518909028448,0.358194528708,0.0121567793085,-0.0995394138124,-0.10294781374,0.989619050676
1538079012335664112,579,1538079012335449859,map,-0.0256234064949,-0.0540125727704,0.378127301731,0.00530740134285,-0.106667769913,-0.106485536338,0.988561909495
1538079012446767974,580,1538079012446588217,map,-0.0323181624849,-0.05773464397,0.396940991784,0.0189519896896,-0.120231338432,-0.117856437953,0.985543052017
1538079012531820373,581,1538079012531677074,map,-0.0363585424325,-0.059681488572,0.416010566474,-0.00276356858136,-0.104869389279,-0.124511636984,0.986656792475
1538079012633737773,582,1538079012633579385,map,-0.0401172824592,-0.0633287497639,0.434450494789,0.0124635122561,-0.100001701341,-0.130407032145,0.986325669624
1538079012733435551,583,1538079012733277118,map,-0.0456659001694,-0.065795177029,0.451094133479,0.00469726600149,-0.116396289308,-0.130787176507,0.984542814706
1538079012833536832,584,1538079012833381242,map,-0.0486226746416,-0.0696257695833,0.465198071526,0.0168657331547,-0.0969364004582,-0.129547052856,0.986679503389
1538079012934883791,585,1538079012934638033,map,-0.050940843194,-0.0712692166174,0.477997302132,0.0025162786489,-0.0952703923512,-0.126812812289,0.987337698724
1538079013037059243,586,1538079013036815558,map,-0.0538808475497,-0.0743713426991,0.489892048561,0.0142691718154,-0.0986259202944,-0.128168832914,0.986733028155
1538079013138435826,587,1538079013138251654,map,-0.0557712697695,-0.0763887549662,0.500915931646,0.00671839850036,-0.0926763309256,-0.125633074025,0.987715693668
1538079013234803976,588,1538079013234612457,map,-0.0585711205344,-0.0761572934705,0.509995520027,-0.00589376480197,-0.104325955507,-0.124861002702,0.986656520045
1538079013332432045,589,1538079013332221426,map,-0.0611249554307,-0.0773145103568,0.518132328423,0.00479598901164,-0.10297065776,-0.126951477564,0.986538070464
1538079013434378884,590,1538079013434228947,map,-0.0626732139565,-0.0774716559482,0.526748249844,-0.00435656814598,-0.0948232209486,-0.128477955073,0.987159051087
1538079013531413264,591,1538079013531221086,map,-0.0654542897568,-0.0777726685315,0.533292644339,-0.00072641651428,-0.105812175648,-0.127619049204,0.986162579945
1538079013631735484,592,1538079013631549825,map,-0.0678703125353,-0.0796678876639,0.539886225263,0.00885088997655,-0.103290261009,-0.127024731673,0.986467182055
1538079013737889000,593,1538079013737724616,map,-0.0699265346942,-0.0809367400516,0.546067304646,0.00490518586721,-0.10099471596,-0.12820819203,0.986579275069
1538079013833550249,594,1538079013833410651,map,-0.0709119515316,-0.0804416043977,0.551155526005,-0.0068149321192,-0.0940667665016,-0.122218419763,0.988011972605
1538079013933128414,595,1538079013933008024,map,-0.0717789018191,-0.0807706712709,0.556312322137,-0.00306146907742,-0.0890589430282,-0.121724825923,0.98855561241
1538079014036162891,596,1538079014035990626,map,-0.0719844955532,-0.0793723460818,0.560365516228,-0.0185263640444,-0.0853257347578,-0.118143202243,0.989150381179
1538079014134347104,597,1538079014134124785,map,-0.0727079099689,-0.0804823466515,0.563536336248,0.00107122811898,-0.0869893474924,-0.118487840118,0.989137168262
1538079014234692205,598,1538079014234558851,map,-0.074804795619,-0.0784822193871,0.566601280973,-0.0250230001915,-0.0989115147144,-0.116990779456,0.987878291714
1538079014334044507,599,1538079014333866954,map,-0.0752428145915,-0.0772406844272,0.569529890175,-0.02205999237,-0.0835484369655,-0.118296436555,0.989211286084
1538079014434270763,600,1538079014434124550,map,-0.0764186864053,-0.0790396501208,0.571228710169,-0.000839788756636,-0.0863496347561,-0.119204100052,0.989107384394
1538079014536367225,601,1538079014536162605,map,-0.077240885689,-0.0795636937356,0.573093724605,-0.00996928920047,-0.0873933097183,-0.122652132941,0.988544119893
1538079014639016834,602,1538079014638787928,map,-0.0792824542664,-0.0796128524714,0.574981086311,-0.0147644589153,-0.0977646873072,-0.124281732576,0.987308527066
1538079014736962950,603,1538079014736737556,map,-0.0815909201404,-0.0818012879549,0.576092461811,-0.00104763120108,-0.0994626184834,-0.127784456871,0.986801511235
1538079014846594852,604,1538079014846256658,map,-0.0829436813309,-0.08484304951,0.576986216308,-0.00329050613363,-0.0908649363277,-0.129357582368,0.987420554677
1538079014931303854,605,1538079014931119746,map,-0.0841913049325,-0.0867232266695,0.577982155737,-0.0160536652386,-0.0884507143035,-0.137821527483,0.986369087884
1538079015030710684,606,1538079015030525794,map,-0.0856663861181,-0.0913964668603,0.577539865997,0.0035899797919,-0.0915610813955,-0.141142258822,0.985739591978
1538079015132678353,607,1538079015132474219,map,-0.086261035135,-0.0953973274445,0.581075188452,-0.00616679869292,-0.0860036982838,-0.145399264999,0.985608638463
1538079015238865635,608,1538079015238690772,map,-0.086340190945,-0.0969879218803,0.581427069285,-0.0163226747111,-0.0860377746394,-0.141401255538,0.986071374981
1538079015333391630,609,1538079015333233619,map,-0.0857101718048,-0.0982467218996,0.581421318679,-0.0189019354012,-0.0811123418666,-0.137483995211,0.986996279575
1538079015439070684,610,1538079015438844570,map,-0.0850513376659,-0.0975819101151,0.581632143017,-0.026792179017,-0.0823762591904,-0.133718261696,0.987226295008
1538079015549751767,611,1538079015549501047,map,-0.0835682230769,-0.0980770747274,0.58231173212,-0.0148505047111,-0.0719791995788,-0.133187786467,0.988362014079
1538079015632084984,612,1538079015631942620,map,-0.0814423502104,-0.0974759715749,0.582020411323,-0.0163338221437,-0.0682193071295,-0.130192529639,0.98900416461
1538079015732582190,613,1538079015732440800,map,-0.0809856702327,-0.0974167426491,0.582037113431,-0.00994712970872,-0.0779930196707,-0.130018778438,0.988389225329
1538079015835744479,614,1538079015835560256,map,-0.0792243129749,-0.0943778961912,0.581847377682,-0.0326203717345,-0.0703422706511,-0.128138659671,0.988720567302
1538079015934494502,615,1538079015934327182,map,-0.0798040556437,-0.092028341037,0.58197030192,-0.023506227489,-0.0854066941988,-0.129625773369,0.987598254724
1538079016046397323,616,1538079016046124979,map,-0.0777437783014,-0.0899456919905,0.581355967656,-0.0224174402804,-0.0649237276672,-0.127171192051,0.989499800844
1538079016135248602,617,1538079016135092483,map,-0.0756276877914,-0.0877470072832,0.581661680784,-0.0216645389206,-0.0611488001997,-0.126913833371,0.989790053944
1538079016234129895,618,1538079016233923528,map,-0.0741577768665,-0.083549312018,0.581029504374,-0.0328477689952,-0.0663109929148,-0.1242445403,0.989488337726
1538079016335323856,619,1538079016335130135,map,-0.0714248238599,-0.0799690069973,0.581251205337,-0.028078284245,-0.05369646228,-0.124974188475,0.990307907727
1538079016445416073,620,1538079016445214554,map,-0.0693966467212,-0.0738877200231,0.580572957087,-0.0420920824712,-0.0611957131637,-0.120047359926,0.989985844676
1538079016535150304,621,1538079016534951830,map,-0.0679774650906,-0.0676853912791,0.579750106192,-0.0360332113978,-0.0658054940769,-0.116362035287,0.99036918438
1538079016616994912,622,1538079016616598523,map,-0.0661138802036,-0.059895917973,0.578578205897,-0.0454269345145,-0.0630386906476,-0.11099611547,0.990778673293
1538079016741053009,623,1538079016740778408,map,-0.0639472117323,-0.0522087028729,0.578330828368,-0.0358298643295,-0.0628684779759,-0.10981646731,0.99131433905
1538079016803585325,624,1538079016803308748,map,-0.062142406927,-0.0437256747091,0.576970109569,-0.0356767342691,-0.0685122831479,-0.107040976276,0.991249447459
1538079016904797040,625,1538079016904547676,map,-0.0617717573007,-0.0337063580322,0.575105501403,-0.0397282790644,-0.0813089745914,-0.102108285019,0.990648480857
1538079017018035763,626,1538079017017667725,map,-0.0620928420371,-0.0227126415813,0.572430789807,-0.0411170024021,-0.0835027042285,-0.094602921919,0.991154366214
1538079017105941474,627,1538079017105724976,map,-0.0625533477421,-0.0114291892894,0.569799993896,-0.0356210161908,-0.0858535751103,-0.083622503247,0.992153004227
1538079017244402492,628,1538079017243884942,map,-0.0635085932711,0.000531177858013,0.567090752843,-0.0355051226437,-0.0900365414365,-0.0732825913004,0.992603883372
1538079017323962625,629,1538079017323647715,map,-0.0642574025327,0.0126191815371,0.564792379307,-0.0319641594103,-0.0925591583786,-0.0676836331371,0.992889732306
1538079017408537495,630,1538079017408277477,map,-0.065014212524,0.0262068940346,0.562160078521,-0.0422803795991,-0.0972437784384,-0.0608180997709,0.992500466396
1538079017537882833,631,1538079017537672248,map,-0.0653406501063,0.0393704556956,0.559825430743,-0.0370071597972,-0.0939022708162,-0.056704963213,0.993276084886
1538079017632015619,632,1538079017631825631,map,-0.0650549449269,0.0523542017761,0.557532253144,-0.0389303900819,-0.0876311390831,-0.0525166826303,0.994005636924
1538079017702438389,633,1538079017702289812,map,-0.065234906559,0.0633555979276,0.556143897621,-0.0205275748697,-0.0890189034118,-0.0490541244747,0.994609444142
1538079017816990012,634,1538079017816525973,map,-0.0655669091336,0.0754315765267,0.55417250878,-0.0314224186419,-0.0939413210623,-0.0460755143586,0.994014439925
1538079017902687700,635,1538079017902512186,map,-0.0658620642701,0.0875060192609,0.552281136805,-0.0307948050907,-0.0943200345261,-0.0446551440642,0.994063040846
1538079018002930087,636,1538079018002756230,map,-0.0662975030441,0.0988844305933,0.550920686577,-0.0251743238009,-0.0938858060002,-0.0388898967528,0.994504542364
1538079018101625452,637,1538079018101413639,map,-0.0669081257858,0.109991806678,0.549480535213,-0.0205546568027,-0.0990160337794,-0.0352840460407,0.994247638787
1538079018199431669,638,1538079018199307914,map,-0.0668845456743,0.12085066485,0.548218238016,-0.0181970763486,-0.0930205641561,-0.0311536270888,0.995010297723
1538079018333679738,639,1538079018333490804,map,-0.067406150623,0.131532189583,0.546830147188,-0.015396653387,-0.101092071137,-0.0275730165229,0.994375716205
1538079018433913910,640,1538079018433767041,map,-0.0670042862176,0.142924810279,0.544877755832,-0.0205028298671,-0.0947916359751,-0.0241776003014,0.994992273015
1538079018533717751,641,1538079018533587141,map,-0.0671036778564,0.153613954378,0.543143449023,-0.0137635441018,-0.0988682200127,-0.0157015908923,0.994881450208
1538079018652579843,642,1538079018652328053,map,-0.0663291878715,0.164045488178,0.541707831148,-0.00880530241296,-0.0910137208286,-0.00939817652862,0.99576635992
1538079018733026993,643,1538079018732909420,map,-0.0654818224905,0.174776650792,0.540161440006,-0.0115132921038,-0.090385694299,-0.000873030164367,0.995839900882
1538079018801932465,644,1538079018801766420,map,-0.0646110099019,0.185304014143,0.538966059,-0.00945250132021,-0.0917861155516,0.00361272981374,0.995727325825
1538079018901881864,645,1538079018901697579,map,-0.0633300306302,0.195526458689,0.53785935083,-0.0101912351719,-0.0885960065995,0.00778776692179,0.995985058636
1538079018999396767,646,1538079018999198083,map,-0.0622088350025,0.204848082161,0.537071718969,-0.00704737880618,-0.0893563516851,0.00937859539534,0.995930629519
1538079019100436617,647,1538079019100295400,map,-0.0601076567924,0.213280534731,0.536351225324,-0.00643934748668,-0.0797346413622,0.00783725056006,0.996764515457
1538079019200388857,648,1538079019200223232,map,-0.0583844247891,0.221200888884,0.535522421514,-0.0102840537122,-0.0803575040535,0.0074191248123,0.99668544003
1538079019311678396,649,1538079019311489581,map,-0.0564789735221,0.228097297028,0.53496038481,-0.00907694101345,-0.0769090351295,0.00458765231813,0.996986240077
1538079019399545966,650,1538079019399408629,map,-0.0553496304648,0.234044121676,0.534989228189,-0.00750972145278,-0.0827123423286,0.00372046616352,0.996538223372
1538079019504170164,651,1538079019504000029,map,-0.0548217775889,0.240271499484,0.534837539186,-0.013137358981,-0.0911145195347,0.00373097383938,0.995746772007
1538079019604051362,652,1538079019603892219,map,-0.0541990158396,0.245969865996,0.535037301522,-0.00811459965709,-0.0882209167559,0.00649593396032,0.996046698685
1538079019705560331,653,1538079019705368073,map,-0.0537968898754,0.251390092647,0.535410170785,-0.00352453842507,-0.0866556975463,0.0144099758166,0.996127863434
1538079019800830978,654,1538079019800680670,map,-0.0525383999797,0.257620827869,0.534790803647,-0.0153914890111,-0.0790251599926,0.0144914151533,0.996648446064
1538079019932857625,655,1538079019932736101,map,-0.0519780645457,0.262775922006,0.534903593576,-0.00880827435712,-0.083800558662,0.0187497852714,0.996267196199
1538079020032700405,656,1538079020032537106,map,-0.0495553439518,0.269079299064,0.533739484954,-0.0222110670357,-0.0669301405367,0.0196585954736,0.997316682109
1538079020104430023,657,1538079020104234868,map,-0.0482892452502,0.274356025922,0.533443265277,-0.0162583487018,-0.0753568382016,0.0228508469937,0.996762184187
1538079020203807553,658,1538079020203610592,map,-0.047083534326,0.278808417611,0.533221437102,-0.0129621677794,-0.075445693072,0.0214252133614,0.996835437691
1538079020299840435,659,1538079020299671050,map,-0.045765859585,0.283480445451,0.532477931776,-0.0194256742414,-0.0729554103276,0.0232196221104,0.996875619339
1538079020403234267,660,1538079020403088260,map,-0.044858864575,0.287294824355,0.531984343787,-0.0136566148588,-0.075605638336,0.0230741951752,0.996777239828
1538079020504214619,661,1538079020503986931,map,-0.0435582232696,0.290898894312,0.531415877116,-0.0156522651622,-0.0718318463616,0.0235648641087,0.997015491165
1538079020600048371,662,1538079020599870360,map,-0.0427584367958,0.293915105032,0.531190666307,-0.0122367962717,-0.074829486106,0.0249067540711,0.996810143622
1538079020699437520,663,1538079020699115811,map,-0.0414356453157,0.296800182551,0.53064076777,-0.014505640093,-0.0696157814105,0.0251068535328,0.997152383184
1538079020799686533,664,1538079020799575128,map,-0.0408937200869,0.298768562228,0.530295681748,-0.0115109521381,-0.0745811080346,0.0260569369692,0.996808001744
1538079020913298864,665,1538079020913060987,map,-0.0398687113718,0.300431280014,0.529819918647,-0.0115680325428,-0.0669923573213,0.0275113534122,0.997307039039
1538079021001448089,666,1538079021001172717,map,-0.0387829414189,0.301101263238,0.529528429595,-0.00879417101452,-0.0668933729629,0.0250857537542,0.997405957556
1538079021106276520,667,1538079021106121340,map,-0.0377955664285,0.300719493517,0.529399530827,-0.00437836805804,-0.0648723088149,0.0241806370781,0.997590953363
1538079021203345210,668,1538079021203193804,map,-0.0367790656103,0.298951818805,0.529481073486,-0.00106784289096,-0.0654619537902,0.0150414389703,0.997741122452
1538079021305657443,669,1538079021305418912,map,-0.0362897821856,0.295562749551,0.529478517592,0.00200715346894,-0.0669546032023,0.0101716728953,0.997702154711
1538079021405321059,670,1538079021405118517,map,-0.0355375678138,0.291173092131,0.529259442006,0.00296227432034,-0.0622976723905,0.00310755553483,0.998048379611
1538079021499515854,671,1538079021499345172,map,-0.0348867186933,0.285744787413,0.52882903157,0.00460331443035,-0.0633589770595,-0.00425586530816,0.99797111037
1538079021600869845,672,1538079021600698426,map,-0.0345183729544,0.278827326614,0.52854521868,0.00987451066694,-0.0651061259871,-0.0108826843432,0.997770140653
1538079021701653081,673,1538079021701410643,map,-0.0331234406883,0.271068405069,0.528470726749,0.00807027728694,-0.0573194696465,-0.0185412004092,0.998151077198
1538079021799845745,674,1538079021799720213,map,-0.0319300050555,0.262040452332,0.528309834894,0.00413851504807,-0.055891076867,-0.0211916133419,0.998203373939
1538079021900208330,675,1538079021900073608,map,-0.0307274149009,0.250907980264,0.528230307855,0.00651485282649,-0.0513739540933,-0.0304462225171,0.998194019752
1538079022002184267,676,1538079022001997804,map,-0.0295209447963,0.238190439352,0.528034542134,0.00507599699075,-0.0490548009707,-0.0415965982889,0.997916621651
1538079022102759767,677,1538079022102601360,map,-0.0286670834597,0.22401514178,0.527724139448,0.00812955915444,-0.051122096248,-0.0525074057523,0.997278002306
1538079022199007638,678,1538079022198792665,map,-0.0275806689278,0.209218690824,0.527191214706,0.00582350849062,-0.0490956712435,-0.0624002317813,0.996825919049
1538079022332287556,679,1538079022332106311,map,-0.0254253543786,0.192786920983,0.526790907756,0.0126062215643,-0.0405512917071,-0.0705076780523,0.996606915115
1538079022401086290,680,1538079022400883595,map,-0.0254066001825,0.174911980245,0.526297515967,0.0184993697779,-0.0594851348208,-0.0776144213447,0.995035322816
1538079022498170386,681,1538079022497983850,map,-0.024144673821,0.157561694419,0.525964099848,-0.00286035464818,-0.0481049204551,-0.0862815543021,0.995104631879
1538079022601237150,682,1538079022601011982,map,-0.0241630076109,0.138413967207,0.526160651351,0.00356265022843,-0.0597897396876,-0.0990719161082,0.993276019035
1538079022698464229,683,1538079022698306384,map,-0.0263101241776,0.119158511514,0.526809248715,0.00522714955942,-0.0807218734364,-0.106510217762,0.991015756468
1538079022802636019,684,1538079022802460375,map,-0.0272980295655,0.0999804888322,0.528272616263,0.00295686093439,-0.0733397810026,-0.111152208709,0.991089158449
1538079022932306785,685,1538079022932143743,map,-0.0298620176916,0.0810345553686,0.529877735202,0.0023376777222,-0.0886270213223,-0.11691622488,0.989176618564
1538079023000876757,686,1538079023000733031,map,-0.0313366440722,0.0624903296971,0.531687812067,0.00192168846675,-0.0772909123019,-0.121144380133,0.989619351645
1538079023097936921,687,1538079023097675749,map,-0.0347557426785,0.0456578047796,0.533365411766,-0.00517563818721,-0.0955761717628,-0.119763879444,0.988177626412
1538079023198787765,688,1538079023198607571,map,-0.0373228369003,0.0290495759183,0.535020550372,-0.00738306578548,-0.0916251957717,-0.12522026635,0.987861426889
1538079023298960488,689,1538079023298789892,map,-0.0389472168139,0.0129688647126,0.536714518132,-0.00690321299112,-0.0857283432304,-0.128710829147,0.987945605424
1538079023402181748,690,1538079023401989007,map,-0.040288014062,-0.00318726613341,0.538161903286,-0.000578623275397,-0.0885645316395,-0.133085934557,0.987139363491
1538079023504333050,691,1538079023504127551,map,-0.0415174221765,-0.0186617600866,0.539453214549,-0.00272988886792,-0.0882531700372,-0.134818591574,0.986928504529
1538079023638127511,692,1538079023637661756,map,-0.0433806740029,-0.0338520883696,0.54028312547,0.000713407945888,-0.097072401351,-0.140985811143,0.985240803561
1538079023701403609,693,1538079023701256875,map,-0.0452096995811,-0.0475470144284,0.541754098677,-0.00933066248137,-0.0987388765094,-0.145661938484,0.984350635028
1538079023799396747,694,1538079023799226776,map,-0.0468596787736,-0.062046091234,0.542958247119,-0.000705191401598,-0.0980890591333,-0.15056671799,0.983721354153
1538079023914003404,695,1538079023913688609,map,-0.0483611720912,-0.0750517949745,0.544947317438,-0.0100628979234,-0.0958280152547,-0.156669377132,0.982939690849
1538079023998116499,696,1538079023997928103,map,-0.0506590224288,-0.0880018806776,0.547210070954,-0.0064400807719,-0.103684185413,-0.163657294471,0.981032315992
1538079024098121647,697,1538079024097961900,map,-0.0533565964059,-0.0998807429904,0.549717491673,-0.00813038097815,-0.106647460508,-0.1711860465,0.9794159247
1538079024197264096,698,1538079024197126631,map,-0.0559591000165,-0.112185208349,0.551541096817,0.00427518246719,-0.106168350072,-0.17198433429,0.979352537658
1538079024300709088,699,1538079024300536777,map,-0.0578306079662,-0.12280929193,0.553649546621,-0.00231913255516,-0.10140946209,-0.174408025486,0.979434828495
1538079024402163168,700,1538079024401769832,map,-0.0598916359739,-0.133327233261,0.554493580894,0.00607386350288,-0.101318937711,-0.176355184643,0.97907937875
1538079024500683368,701,1538079024500517258,map,-0.0606446564693,-0.143038644409,0.554875115598,0.00716667937868,-0.0896112256718,-0.176026580878,0.980271957043
1538079024596747759,702,1538079024596582132,map,-0.0623432808967,-0.151872644852,0.554884030442,0.0106934086219,-0.0982284957419,-0.17883805187,0.978904369609
1538079024732022814,703,1538079024731824638,map,-0.063374768512,-0.159795602839,0.5550782762,0.0117916194099,-0.0955857915905,-0.176297523413,0.979613953247
1538079024806631331,704,1538079024806315417,map,-0.0638990814613,-0.169959155941,0.557142566615,0.0294331745538,-0.0880231833619,-0.17751530913,0.979731556321
1538079024897929374,705,1538079024897745987,map,-0.0641988415896,-0.175550199073,0.557476015137,0.0100018307625,-0.0933231402564,-0.173145661351,0.980413858954
1538079025011299524,706,1538079025010782508,map,-0.0645682122949,-0.181748820569,0.557243568686,0.0205512629405,-0.0916889356994,-0.176619845303,0.979783759259
1538079025098470638,707,1538079025098325525,map,-0.0667947055912,-0.188368552662,0.559968248635,0.0224507572332,-0.102345422175,-0.180309850804,0.978013157254
1538079025201929681,708,1538079025201391105,map,-0.0679940334091,-0.191835472149,0.559901515721,0.0118875333318,-0.100797196265,-0.178546784517,0.978682613269
1538079025300799935,709,1538079025300598682,map,-0.0687988698191,-0.19498899527,0.559948670431,0.0122402576374,-0.0992141493999,-0.176987337062,0.979123184881
1538079025398466693,710,1538079025398264503,map,-0.0687792320924,-0.198397206904,0.559664408165,0.0179691783781,-0.0927043544567,-0.175883987064,0.979871335629
1538079025498787932,711,1538079025498674935,map,-0.0696617549064,-0.201146478536,0.559483964725,0.0152719996396,-0.102031912211,-0.174973963119,0.979152882418
1538079025598787571,712,1538079025598612163,map,-0.0707146027324,-0.206675380061,0.561265340282,0.0303156649535,-0.0966712187554,-0.179845084326,0.978463786538
1538079025698965181,713,1538079025698756466,map,-0.0710397973556,-0.208100892846,0.561319764674,0.0097453209402,-0.0982509797916,-0.176000605677,0.979426138354
1538079025801401903,714,1538079025801222969,map,-0.0714460073827,-0.209869335578,0.561077213857,0.0135575741903,-0.0982526341434,-0.179024940242,0.978832305779
1538079025902817409,715,1538079025902630525,map,-0.071921214562,-0.214652413634,0.562397281298,0.0321424943273,-0.092221711927,-0.179190404335,0.97895496061
1538079026013597092,716,1538079026013430103,map,-0.0718597895667,-0.219353924809,0.563481062608,0.0369996981257,-0.0869001341762,-0.178290624913,0.979434450123
1538079026099268603,717,1538079026099138550,map,-0.0718785795388,-0.219455465352,0.563057775532,0.0118964206373,-0.0956029947689,-0.173904578958,0.980038642087
1538079026198319940,718,1538079026198124929,map,-0.071664079962,-0.219293748697,0.56251042366,0.010697732849,-0.0925826535159,-0.175692876219,0.980023481365
1538079026300147490,719,1538079026299943324,map,-0.0725223200246,-0.22162579657,0.564242250202,0.0233448197671,-0.0938865705873,-0.178136054474,0.979238417011
1538079026397994005,720,1538079026397801433,map,-0.072137355436,-0.221184983772,0.56363820334,0.00956821923947,-0.0906471645812,-0.175340032914,0.980279252862
1538079026498066785,721,1538079026497868479,map,-0.0721302546167,-0.221907865793,0.562274398058,0.0211920872527,-0.0918122899707,-0.17536950676,0.97998312993
1538079026601513315,722,1538079026601324209,map,-0.0722369292682,-0.221039101931,0.562021787466,0.00682372345586,-0.0944603776909,-0.175700549623,0.979877538628
1538079026699691979,723,1538079026699576034,map,-0.0724370763801,-0.220881443145,0.561322452243,0.012353046325,-0.0939109229186,-0.177135773526,0.979617812486
1538079026799010547,724,1538079026798871886,map,-0.0735813922761,-0.222174262255,0.563511545314,0.0152216760253,-0.0948953458514,-0.178307696208,0.979269901196
1538079026918441171,725,1538079026918027997,map,-0.0731799155085,-0.22466595945,0.56472517075,0.0264629250186,-0.0814649907801,-0.17546907218,0.980751637054
1538079026998321690,726,1538079026998131125,map,-0.0725312576695,-0.223267126332,0.563972311162,0.00730313734477,-0.0823687082917,-0.172105583089,0.981601613868
1538079027129834120,727,1538079027129625096,map,-0.0721601642271,-0.223940325574,0.565530630392,0.0212093819131,-0.0791760309497,-0.169389355372,0.982134697752
1538079027198892585,728,1538079027198710168,map,-0.0720218543037,-0.224166728493,0.567144965373,0.0256887962122,-0.0808634884142,-0.163032598459,0.98296569311
1538079027315901725,729,1538079027315610629,map,-0.0716619381295,-0.21946894412,0.567159015222,-0.000979429497059,-0.0845220280534,-0.160738430409,0.983370847891
1538079027399515719,730,1538079027399331767,map,-0.0713255679008,-0.218580149009,0.568690012288,0.0282268074224,-0.076620649381,-0.160677225672,0.98362358277
1538079027515868707,731,1538079027515540735,map,-0.0711499228541,-0.213538171084,0.568356607148,0.00884669051341,-0.0828899893007,-0.153924888994,0.984559858154
1538079027599153746,732,1538079027598975188,map,-0.0703612821015,-0.207831869321,0.568229555172,0.00794517865708,-0.0789864377175,-0.147720529565,0.985838050563
1538079027699516665,733,1538079027699337307,map,-0.0695082188866,-0.202294668997,0.567716485086,0.0166425063366,-0.0793185122684,-0.142126951115,0.986524977059
1538079027798343788,734,1538079027798170738,map,-0.0682152702399,-0.196035923313,0.567368339726,0.015741222808,-0.077715926647,-0.13638694095,0.987477114159
1538079027899017305,735,1538079027898882076,map,-0.0667613379868,-0.189992910817,0.566432619243,0.0194163597985,-0.07605112329,-0.133527104038,0.987932054397
1538079028012205017,736,1538079028011628678,map,-0.0659425323247,-0.182616270886,0.566064329795,0.00974375389756,-0.083170102269,-0.129420799302,0.988047595036
1538079028099314364,737,1538079028099139907,map,-0.0638211145184,-0.175626829389,0.565536546964,0.0120251233812,-0.0744271604221,-0.12728158426,0.988997165065
1538079028200256060,738,1538079028200114454,map,-0.0611859916684,-0.169917940791,0.564568171051,0.0259971739609,-0.0689982727768,-0.123757580382,0.989569323796
1538079028304640269,739,1538079028304431408,map,-0.058801929523,-0.163040186295,0.563879670904,0.0190326854405,-0.0725329839524,-0.119597859582,0.989986401476
1538079028402724888,740,1538079028402547585,map,-0.0557845408568,-0.155490078415,0.563178983998,0.0146879450233,-0.0671818934992,-0.111339863856,0.991400167527
1538079028502669260,741,1538079028502468824,map,-0.0538008907484,-0.148208066149,0.562107617185,0.0186494677426,-0.07516174413,-0.103404796491,0.99162006718
1538079028601519189,742,1538079028601325091,map,-0.0517427599081,-0.138792648281,0.561247597043,-0.00123289150122,-0.0742263025856,-0.100106536584,0.992203415292
1538079028699323061,743,1538079028699184028,map,-0.048231768528,-0.130900498223,0.56005490616,0.0114557096175,-0.0600686574426,-0.0923333574627,0.993848617351
1538079028799422015,744,1538079028799234875,map,-0.0452445609016,-0.121932551543,0.559007063226,0.00175656541991,-0.0635456943826,-0.0847586522974,0.994371575451
1538079028899542921,745,1538079028899383130,map,-0.042685009463,-0.113345043321,0.557859371481,0.00352633041451,-0.0642754160739,-0.0824914148295,0.994510634615
1538079029007440652,746,1538079029007253455,map,-0.0397689104474,-0.104000742957,0.557662209495,-0.0066352476767,-0.0591528469632,-0.0782353803042,0.995156339202
1538079029102321779,747,1538079029102113345,map,-0.0382131529018,-0.0950647585747,0.556813482023,-0.00379550692624,-0.0686208466141,-0.0729842733103,0.994962345713
1538079029199307133,748,1538079029199039989,map,-0.0386516168993,-0.0878512335764,0.555941607499,0.00501497779911,-0.0816852441846,-0.0720401091661,0.994038527197
1538079029299263676,749,1538079029299084560,map,-0.0394837164813,-0.0797138118108,0.555263277328,-0.00680898115332,-0.0806109800571,-0.0671477483234,0.994457986827
1538079029400245295,750,1538079029400032335,map,-0.0411849939207,-0.0735744852787,0.55466061037,0.00459492461546,-0.0812194658781,-0.0655734548187,0.994526222406
1538079029515643671,751,1538079029515290136,map,-0.0445165930816,-0.0670905769469,0.554140099655,-0.00421013381496,-0.0894740747138,-0.0674461159507,0.993693960015
1538079029600911638,752,1538079029600746174,map,-0.0489228883125,-0.0607260102043,0.55378324758,-0.00998365272454,-0.092652740628,-0.0707721727829,0.993129949147
1538079029702239272,753,1538079029702043434,map,-0.0544890983762,-0.0555374759047,0.554221638857,-0.00587568794942,-0.0956460757058,-0.0752090774207,0.992552718583
1538079029800201652,754,1538079029800046235,map,-0.06038462123,-0.0513733094937,0.553848321791,-0.00359269585675,-0.095458560379,-0.0765765749987,0.992477094924
1538079029900602485,755,1538079029900442345,map,-0.0675372805346,-0.0473299017814,0.553119486194,-0.00553580992109,-0.103892852078,-0.0754490998331,0.991707146001
1538079030010355697,756,1538079030009464968,map,-0.0742734492253,-0.0438781911163,0.553119588033,-0.0034164612399,-0.0965160399084,-0.0734410829211,0.992612406316
1538079030099381379,757,1538079030099191633,map,-0.0822521229616,-0.0406897598061,0.55176001307,-0.000812271081253,-0.107911761027,-0.0749567192074,0.991330359816
1538079030198375331,758,1538079030198184345,map,-0.0883465175378,-0.0377946482633,0.551063136109,-0.000871979483299,-0.094204163407,-0.0769884117821,0.992571206362
1538079030298281134,759,1538079030298140248,map,-0.0959687531461,-0.0352259183871,0.55029045707,0.00280806100381,-0.113574874647,-0.0772646979667,0.990516546601
1538079030398455683,760,1538079030398298172,map,-0.103409309534,-0.0323999906102,0.549445625243,0.001033223648,-0.108320612265,-0.0721127906342,0.991496506718
1538079030498387376,761,1538079030498244903,map,-0.112849259023,-0.0297818542468,0.548815168431,4.81713953827e-05,-0.124841053086,-0.0713513931462,0.989607845482
1538079030599220820,762,1538079030599081205,map,-0.122205457539,-0.0263880766039,0.548539034312,-0.00470214513045,-0.130407060305,-0.0708377906993,0.988915515028
1538079030702615014,763,1538079030702356185,map,-0.130796204159,-0.0232164149266,0.548257439507,-0.00390074956883,-0.12868660029,-0.0700540139866,0.989200170938
1538079030803497368,764,1538079030802959964,map,-0.141125066192,-0.0205726797869,0.547435501336,0.00111082093639,-0.144223254367,-0.0707859666766,0.987009506488
1538079030898393494,765,1538079030898244870,map,-0.151153367706,-0.019558300763,0.546688335239,0.0101758189312,-0.144881386978,-0.0730538890485,0.986695984441
1538079031000308210,766,1538079031000121377,map,-0.160525440521,-0.0174201042986,0.546798159535,0.000211372496566,-0.143556519444,-0.0746166756603,0.986825127751
1538079031098083660,767,1538079031097934207,map,-0.170858481063,-0.0167084277182,0.547421124982,0.0147867827062,-0.151794381887,-0.076380657463,0.985345529167
1538079031198363826,768,1538079031198229742,map,-0.181041450262,-0.0150012728592,0.547982175661,0.009021391347,-0.157407023108,-0.0797284564971,0.984268772642
1538079031298421823,769,1538079031298291854,map,-0.191877041239,-0.012931910406,0.547003358465,0.0113160595844,-0.171808888508,-0.0797086872531,0.981835107236
1538079031399192973,770,1538079031399042243,map,-0.20170584443,-0.0111315911122,0.546410354819,0.0155165627149,-0.163289810084,-0.0767729540523,0.983464075465
1538079031515461959,771,1538079031515230120,map,-0.212240489933,-0.00951106888253,0.545408774263,0.0166586263245,-0.175832696558,-0.0748511490953,0.981428886099
1538079031600741526,772,1538079031600578150,map,-0.222508604982,-0.00686446698839,0.54520626393,0.00813410171878,-0.177288173869,-0.0754851651767,0.981226135829
1538079031715840866,773,1538079031715626714,map,-0.232674003555,-0.00456579889623,0.545105743219,0.00864509432214,-0.179079533942,-0.0697723912993,0.981319314128
1538079031798323529,774,1538079031798158276,map,-0.244159330942,-0.0016410433188,0.54563697343,0.00588804109188,-0.19340396548,-0.071904107666,0.978463099156
1538079031898234091,775,1538079031898043948,map,-0.254989090951,0.00114674718862,0.545457862747,0.00744081196752,-0.200358349451,-0.0703124638072,0.977168011939
1538079032016838680,776,1538079032016572106,map,-0.266385739647,0.00384970313624,0.544812169356,0.0101147939682,-0.208532115911,-0.0719386171672,0.975313735645
1538079032103650754,777,1538079032103477635,map,-0.27717161175,0.0062059238336,0.544666281417,0.0119193560672,-0.208667486942,-0.0723376276895,0.975234882715
1538079032217462051,778,1538079032217214449,map,-0.287815032791,0.00918168003906,0.544770020675,0.00977642403008,-0.211100724511,-0.0722248323532,0.97474328889
1538079032299468140,779,1538079032299348911,map,-0.297673684361,0.0120602185846,0.545550256506,0.0117795683238,-0.210955299612,-0.0713958716043,0.974813691355
1538079032401344971,780,1538079032401185691,map,-0.307359952724,0.0151467171219,0.546349496186,0.0141396870316,-0.217568489373,-0.0692953687095,0.973479416094
1538079032499418482,781,1538079032499225139,map,-0.317188142365,0.0178432578263,0.546580562323,0.0180224971708,-0.226031668295,-0.0671982967853,0.971632267595
1538079032598593981,782,1538079032598421313,map,-0.325784933436,0.0209976415232,0.547452239326,0.0146163900381,-0.220937986475,-0.0667951226657,0.972888060808
1538079032717191590,783,1538079032717007047,map,-0.333717103343,0.0230027560767,0.54832969808,0.0197365014121,-0.221404659944,-0.0659521562431,0.972749073582
1538079032798373261,784,1538079032798192981,map,-0.341324734974,0.0246294324924,0.548220225753,0.0217525341978,-0.228726944325,-0.0689002719097,0.970805626646
1538079032898792975,785,1538079032898611614,map,-0.346825943433,0.0253312882077,0.549134229877,0.0261564824516,-0.217747216932,-0.0669640777007,0.973353892601
1538079033001646165,786,1538079033001476380,map,-0.351693533822,0.0269922642464,0.550187612147,0.0185159958747,-0.220509148307,-0.0670238634179,0.972903219823
1538079033101459058,787,1538079033101276935,map,-0.357537766685,0.0284736013004,0.551552559323,0.0214480559673,-0.229768776772,-0.0699834829279,0.970488847042
1538079033202604196,788,1538079033202481458,map,-0.361052703194,0.0293518026065,0.552779389441,0.0236996602097,-0.222619834483,-0.0691232628366,0.972162902982
1538079033300750265,789,1538079033300584152,map,-0.364263220689,0.0302428022252,0.553869611396,0.0212008807187,-0.225528442579,-0.0696271373259,0.971514027687
1538079033401308303,790,1538079033401187598,map,-0.367579976784,0.0307551328621,0.554162890138,0.0235599845585,-0.230243239043,-0.0698115065349,0.97033980211
1538079033500527735,791,1538079033500330886,map,-0.370104968558,0.0307566187655,0.554769081999,0.0239579647405,-0.227897089409,-0.0718009997121,0.970738661538
1538079033598408534,792,1538079033598247945,map,-0.372967891732,0.0307599160296,0.554619653402,0.022779091271,-0.233213575919,-0.0744490242626,0.969303813979
1538079033698515611,793,1538079033698430038,map,-0.376100560891,0.0304690543349,0.555626194781,0.0229811389657,-0.233383751794,-0.0794526662551,0.968860756495
1538079033802759381,794,1538079033802578559,map,-0.37786991788,0.0298686584746,0.555368946247,0.020045859259,-0.233617169545,-0.0779205372793,0.968994102918
1538079033897862817,795,1538079033897699600,map,-0.378312554461,0.0290735936624,0.555897638808,0.017889319413,-0.227225783782,-0.0792574505299,0.970446635303
1538079034003747087,796,1538079034003520832,map,-0.378472980519,0.0281010358067,0.556546047012,0.0161399106596,-0.226134031168,-0.080769469143,0.970607642709
1538079034101320641,797,1538079034101114095,map,-0.378012159046,0.0268240324231,0.557208308098,0.014098069538,-0.221606900323,-0.084482807533,0.971367222731
1538079034199516922,798,1538079034199335465,map,-0.377752944312,0.0249094111885,0.557389428819,0.0172380341288,-0.223521759029,-0.0882044055329,0.970546679076
1538079034298381698,799,1538079034298216221,map,-0.37691501401,0.0231830914301,0.557323975621,0.0123351852613,-0.223462736729,-0.0857710981859,0.970853010097
1538079034399191922,800,1538079034399079481,map,-0.375016706281,0.0217825152837,0.557975796618,0.00886121190195,-0.219962972104,-0.0851414833727,0.971745181432
1538079034500708693,801,1538079034500467320,map,-0.373589810916,0.0203632959913,0.558313244453,0.00981473436268,-0.22640237481,-0.0887355463205,0.969933832016
1538079034602030103,802,1538079034601865935,map,-0.370705147504,0.0170726730864,0.559012106431,0.0205971479941,-0.214776119223,-0.0892539051747,0.972358327222
1538079034700614556,803,1538079034700475593,map,-0.366569464142,0.0145277151466,0.558224782069,0.0136216274036,-0.211431856822,-0.0880614720606,0.973322247935
1538079034815247771,804,1538079034815026534,map,-0.361167152958,0.0124748573817,0.558105828718,0.0126742907668,-0.201298279439,-0.0919940250911,0.975118179708
1538079034898816684,805,1538079034898665568,map,-0.355215449706,0.0100275753773,0.558126400926,0.017064303459,-0.195516066655,-0.0874875760138,0.976641285872
1538079034996212075,806,1538079034995996575,map,-0.348113190271,0.00806339338921,0.559125093252,0.0131687763106,-0.190573195658,-0.0859823296298,0.977811576644
1538079035098747174,807,1538079035098540850,map,-0.340453331254,0.00662429184899,0.560178246413,0.0124016145206,-0.187524070548,-0.0794614093815,0.978962107204
1538079035202519581,808,1538079035202308379,map,-0.331411502043,0.0070121212733,0.562691761771,-0.00141230357711,-0.172069715289,-0.0796824480603,0.981855756183
1538079035299405448,809,1538079035299225344,map,-0.319154415412,0.00708603435644,0.565024861197,-0.000625594811099,-0.158502546992,-0.0699826981267,0.984875105377
1538079035399022426,810,1538079035398882496,map,-0.306669676554,0.00795575276962,0.56704654418,-0.00128709188294,-0.159420807304,-0.0668498374682,0.984943881053
1538079035500562464,811,1538079035500394112,map,-0.292974361356,0.0082887160232,0.568508492083,0.00296275112923,-0.155963523431,-0.0590944564193,0.985989070267
1538079035601570141,812,1538079035601416415,map,-0.278191300246,0.0101037245252,0.56942982338,-0.00480998648908,-0.148147211069,-0.0563346530963,0.987347798267
1538079035699299373,813,1538079035699137163,map,-0.261739011362,0.00882185671547,0.569651003625,0.015698379681,-0.135842244871,-0.0549885541107,0.989078714916
1538079035802006614,814,1538079035801841936,map,-0.245065842576,0.0106336516023,0.569310417776,-0.00789082977622,-0.132996623551,-0.0533483532721,0.989648213323
1538079035899921217,815,1538079035899738800,map,-0.226266699708,0.00866870403688,0.569062823055,0.0206508392541,-0.113444779214,-0.052099730022,0.991962420175
1538079035999268269,816,1538079035999118055,map,-0.208235428451,0.00861915000439,0.568737609344,0.00466802885421,-0.121417772422,-0.0498953738327,0.991335657442
1538079036115466413,817,1538079036115204901,map,-0.190012375145,0.00511380675874,0.568317228447,0.032424195185,-0.114960197958,-0.0515889001225,0.991499576317
1538079036198479251,818,1538079036198345304,map,-0.172449885534,0.00221979098795,0.567742474262,0.0275562283418,-0.115519243039,-0.053711282377,0.991469140676
1538079036310481778,819,1538079036310047313,map,-0.157422809364,0.00517001614317,0.567045710091,-0.0166198534499,-0.133747753037,-0.0499905270101,0.989614200706
1538079036400413752,820,1538079036400276407,map,-0.141336888482,0.00701994830676,0.566118088821,-0.00416891529638,-0.117586567678,-0.0500225686117,0.991793205198
1538079036513619357,821,1538079036513335526,map,-0.126676624099,0.00799148908771,0.565004722419,-0.000724388072778,-0.120825508594,-0.0552558174007,0.991134434059
1538079036598164219,822,1538079036597949268,map,-0.113284955581,0.00651470535535,0.563815809951,0.0226204184695,-0.116336934471,-0.0603320976358,0.991117587545
1538079036713253179,823,1538079036713020702,map,-0.0997028477075,0.00347980130848,0.562443695919,0.0322592802262,-0.10362609817,-0.0691225336582,0.991686969743
1538079036798182677,824,1538079036798011062,map,-0.0876609594755,0.00272405453212,0.56131284762,0.0136712005408,-0.106561846073,-0.0696443623282,0.991769798912
1538079036899500823,825,1538079036899384810,map,-0.0766392084608,0.00225172535054,0.560410216248,0.00783199159208,-0.105645708028,-0.0695013245914,0.991941132408
1538079037014956922,826,1538079037014599553,map,-0.0669013630659,-5.59012615073e-05,0.559609271636,0.0231527848767,-0.10722217946,-0.0710668895035,0.991421630791
1538079037098450388,827,1538079037098298316,map,-0.0578565789131,-0.00362262116118,0.559053102821,0.0345236281614,-0.105570305124,-0.0725357321555,0.991161741259
1538079037202220548,828,1538079037202049766,map,-0.0504718978573,-0.00568133817027,0.5588086414,0.0261219952014,-0.113782356591,-0.0703619367002,0.990666651583
1538079037298601668,829,1538079037298390228,map,-0.0438980264377,-0.00813397645584,0.558434759414,0.0326359464786,-0.11326132322,-0.0708810167037,0.990496163108
1538079037408072443,830,1538079037407889125,map,-0.0386610346932,-0.00997988073726,0.558088772937,0.0303806942311,-0.119489529817,-0.0698503006685,0.989909188349
1538079037498870878,831,1538079037498717419,map,-0.0335223103624,-0.0127322333106,0.557521477472,0.0414123527745,-0.113080436542,-0.0703272399428,0.990228211692
1538079037597945412,832,1538079037597763757,map,-0.0283116198696,-0.0135176598427,0.556886760282,0.0273874849648,-0.1088621395,-0.0672151691652,0.991403591523
1538079037703492224,833,1538079037703270048,map,-0.0238237712404,-0.0150206098155,0.556052836181,0.0358762764534,-0.108525365682,-0.0677855873753,0.991130794565
1538079037799602219,834,1538079037799430108,map,-0.0188555158937,-0.0142914800391,0.555137056484,0.0184052414971,-0.102808608158,-0.0659562035271,0.992341380972
1538079037902139135,835,1538079037901960170,map,-0.0147628188995,-0.0153187141828,0.554164570069,0.033719812834,-0.104725784515,-0.0665890000965,0.991696218278
1538079038002480082,836,1538079038002320094,map,-0.010928970849,-0.0171868442614,0.553240089622,0.0430117629113,-0.103571120863,-0.0682611642125,0.991344251325
1538079038103285156,837,1538079038103086202,map,-0.00744394107529,-0.0176979059785,0.552552940819,0.032542414716,-0.104704176638,-0.066535874723,0.991741399768
1538079038197681787,838,1538079038197487727,map,-0.00426971484658,-0.0194151807019,0.55180543193,0.0454300999111,-0.1027276753,-0.066299955634,0.99145723389
1538079038298903989,839,1538079038298727866,map,-0.00224509963414,-0.0196821751145,0.551148251209,0.0340015626827,-0.11046174139,-0.0657001036432,0.991123399888
1538079038409556965,840,1538079038409158397,map,-0.000598571352487,-0.0183144033245,0.550675534436,0.0202138971564,-0.11289188071,-0.064493345656,0.991305921498
1538079038498168243,841,1538079038498028696,map,0.0017059235902,-0.0181804485015,0.55005790982,0.0282413080994,-0.10407915741,-0.0666880863004,0.991928755836
1538079038601808482,842,1538079038601655215,map,0.00255533695309,-0.0154374745566,0.549541217778,0.00492303710535,-0.116236245074,-0.063078837604,0.99120429745
1538079038702527686,843,1538079038702296149,map,0.00451935554197,-0.016228534601,0.548953683513,0.0325957057108,-0.102950134137,-0.0640857023527,0.99208457936
1538079038798986326,844,1538079038798738368,map,0.00634993114535,-0.0168766671733,0.548417389614,0.0331645973009,-0.100562520208,-0.066112071799,0.992177646885
1538079038898128485,845,1538079038897924481,map,0.00731220391752,-0.0159486444949,0.548068069688,0.0217789541289,-0.105640441768,-0.0634041790047,0.992141967818
1538079038998322678,846,1538079038998170262,map,0.0084889950519,-0.0138949916169,0.547774532726,0.0135441784858,-0.10190111872,-0.0611675293832,0.992819848
1538079039099292387,847,1538079039099092091,map,0.00849459968586,-0.0104281689039,0.54733219043,0.000976498005009,-0.107383345763,-0.0581138191693,0.992517328577
1538079039199105711,848,1538079039198925619,map,0.00844820421639,-0.00650102268483,0.546998071503,-0.00503797373577,-0.105086523716,-0.0558894201076,0.992878549508
1538079039299182160,849,1538079039299054096,map,0.0076124751493,-0.000621450923898,0.546490025359,-0.0253197710374,-0.107952420738,-0.050977924651,0.99252528192
1538079039404797327,850,1538079039404536520,map,0.00614507292961,0.00546235243975,0.546155008984,-0.0311809453649,-0.110498224479,-0.0489277655698,0.992181417277
1538079039499475647,851,1538079039499333272,map,0.00498631492473,0.0121023270185,0.545965627574,-0.0407337922602,-0.103600370284,-0.0475060654115,0.992648424768
1538079039600119469,852,1538079039599937214,map,0.0014804063026,0.0207390854212,0.54543142769,-0.0599045074729,-0.121942793164,-0.0425709542838,0.989812668656
1538079039699939605,853,1538079039699738525,map,-0.000604984467599,0.0286406432229,0.545452593116,-0.0561895573094,-0.103046079754,-0.0428840529745,0.99216188049
1538079039799179389,854,1538079039799000974,map,-0.00493462251088,0.0377134566736,0.545184089593,-0.0679642624109,-0.117741771465,-0.0400599835646,0.989905516705
1538079039899162646,855,1538079039898968256,map,-0.00887002673727,0.0467720528209,0.545002561306,-0.0731935723888,-0.110943198746,-0.0410730549046,0.990276381509
1538079039998324901,856,1538079039998164943,map,-0.0126562986066,0.0576729657484,0.544889384588,-0.096191834282,-0.103986554644,-0.0415737362324,0.989042745247
1538079040098460842,857,1538079040098281046,map,-0.0174561182657,0.0696380003495,0.544268604521,-0.111108277644,-0.110744824738,-0.0384306858232,0.986870618075
1538079040200651712,858,1538079040200506732,map,-0.0231081398751,0.0814542004902,0.54413596621,-0.108585955102,-0.119396384241,-0.0365216711858,0.986214865695
1538079040304748767,859,1538079040304551626,map,-0.0278489744765,0.0934926500388,0.542902766381,-0.120517729653,-0.108049825455,-0.0336131037067,0.986240777558
1538079040399448141,860,1538079040399257917,map,-0.0326090706499,0.105080533277,0.541560216829,-0.122831568191,-0.106071934703,-0.0383777469232,0.985996094853
1538079040500788550,861,1538079040500625567,map,-0.0378782572514,0.117090952491,0.539981899283,-0.133473266441,-0.110194089417,-0.0380618762859,0.984171450194
1538079040599200025,862,1538079040599026948,map,-0.0422907353578,0.128060095469,0.539268157055,-0.130652005499,-0.103023237851,-0.0400598864168,0.985246908862
1538079040708642060,863,1538079040708431853,map,-0.0467821813316,0.140041454429,0.537865415165,-0.146036967497,-0.10551143473,-0.0431634991817,0.982688889529
1538079040800747683,864,1538079040800562893,map,-0.0511846055099,0.151541676911,0.536956017068,-0.148050458434,-0.108818629699,-0.0471085225276,0.981845382274
1538079040899833160,865,1538079040899643716,map,-0.0550915987599,0.162642810834,0.53629798258,-0.151334105896,-0.105271577369,-0.0468064576189,0.981745913623
1538079040998595889,866,1538079040998471734,map,-0.059251065168,0.174331357895,0.534966301719,-0.164489963339,-0.111026334012,-0.0447865598892,0.979086497287
1538079041101365600,867,1538079041101224846,map,-0.0630948473664,0.185793142161,0.53370369966,-0.164674692166,-0.110499048981,-0.044316285808,0.97913649342
1538079041200453566,868,1538079041200276031,map,-0.0662728638999,0.198339059155,0.532703147391,-0.17788536087,-0.108176412984,-0.0399266220595,0.977271982057
1538079041304918359,869,1538079041304728254,map,-0.0691689322493,0.210186657877,0.532594655269,-0.173818574672,-0.110315420748,-0.0405096804712,0.977740546788
1538079041399291348,870,1538079041399090150,map,-0.0725818495274,0.221342207778,0.531532135209,-0.172796063117,-0.118176200329,-0.032870025552,0.977289858572
1538079041513503889,871,1538079041513032182,map,-0.0758545046043,0.2327952981,0.5305765264,-0.171177036095,-0.121295692832,-0.0210908552077,0.977517750755
1538079041599216905,872,1538079041599045807,map,-0.0794148950073,0.244268440286,0.529494054469,-0.165671793737,-0.128555023832,-0.0141623154949,0.97766348578
1538079041700472261,873,1538079041700359907,map,-0.0824563939658,0.255332023521,0.529364305916,-0.16271959809,-0.126877379433,-0.00937708572069,0.978435758366
1538079041800864499,874,1538079041800461038,map,-0.0861558150584,0.265610091973,0.52920616223,-0.160102730977,-0.133649092315,-0.0027178797074,0.978006977882
1538079041913212980,875,1538079041912920305,map,-0.0885369165199,0.276629579201,0.528233127741,-0.169858514693,-0.126843598397,0.00299237441219,0.977266510337
1538079042000361952,876,1538079042000237412,map,-0.0907969420103,0.287576690259,0.527288982735,-0.169031721543,-0.130183914777,0.00805530682188,0.976941931477
1538079042098798167,877,1538079042098573861,map,-0.093382891628,0.298142978842,0.526563453154,-0.162799549169,-0.134270687422,0.0191734653347,0.977292211939
1538079042200348113,878,1538079042200180840,map,-0.0955524170462,0.308029400617,0.52620979608,-0.158572713494,-0.134449894073,0.0214794513955,0.977914389753
1538079042298496607,879,1538079042298321088,map,-0.0983558980235,0.317249545315,0.525657459738,-0.152876313296,-0.141346631135,0.0249796111952,0.977765811288
1538079042405997309,880,1538079042405804499,map,-0.101390327585,0.325711772995,0.525075588206,-0.142115435028,-0.148735598677,0.0275955031532,0.978222578465
1538079042499681773,881,1538079042499543036,map,-0.104485714943,0.333708798043,0.524803770904,-0.132050068918,-0.149812264748,0.0340364984296,0.979265327378
1538079042602630237,882,1538079042602454649,map,-0.107101972653,0.341415253901,0.524293087602,-0.125721778389,-0.149051157769,0.0380320658746,0.980067012388
1538079042703027494,883,1538079042702557696,map,-0.109942399496,0.348716074227,0.524059134916,-0.119292882869,-0.150579955864,0.0436858252736,0.980401159556
1538079042802576001,884,1538079042802448297,map,-0.111532784208,0.356093368854,0.523199437059,-0.119656105902,-0.145553186074,0.0430796923244,0.981142612699
1538079042902983441,885,1538079042902778925,map,-0.113167831023,0.362302775356,0.52323005967,-0.107391898887,-0.145418903498,0.0441145962618,0.982534592244
1538079042999674985,886,1538079042999474460,map,-0.115278645782,0.367938226744,0.523013858524,-0.105211899725,-0.151076407945,0.0456129607537,0.981848172036
1538079043099932787,887,1538079043099588809,map,-0.116640980688,0.373531158178,0.522309817574,-0.107815672571,-0.14410686648,0.0483571643607,0.982481845347
1538079043199691153,888,1538079043199444643,map,-0.11763740698,0.378112299326,0.522453599001,-0.100805196178,-0.141406108253,0.0476678711737,0.983651563832
1538079043300757863,889,1538079043300637624,map,-0.118876148714,0.381995823584,0.522549217053,-0.0988798144972,-0.14513589858,0.0476760828209,0.983303281981
1538079043401243054,890,1538079043401064181,map,-0.119062133349,0.386140268045,0.522033680395,-0.104784179262,-0.139064496772,0.0451238688066,0.983689573991
1538079043506758239,891,1538079043506549538,map,-0.119418340664,0.389753149341,0.521563617187,-0.105401239964,-0.140499181866,0.0444172638544,0.983451912999
1538079043571662128,892,1538079043571473959,map,-0.120619815191,0.392081313207,0.521676668815,-0.0961651955541,-0.146394454438,0.0454403991044,0.983491783902
1538079043700443774,893,1538079043700106465,map,-0.12174966428,0.394090159079,0.52181143315,-0.094267770354,-0.146772418082,0.0455989944118,0.983611801714
1538079043800136001,894,1538079043799977771,map,-0.122961264791,0.395592367676,0.52184188075,-0.0874863925691,-0.148570267037,0.0440455655574,0.984039122709
1538079043901060113,895,1538079043900941686,map,-0.123521819758,0.397114001631,0.521480285331,-0.0863946358298,-0.143567122371,0.0439353729482,0.984882800783
1538079044001993362,896,1538079044001856186,map,-0.124353658323,0.397277543793,0.521938644974,-0.0733134801611,-0.146471981284,0.0413277216149,0.985628282747
1538079044102239359,897,1538079044102148779,map,-0.124676002911,0.396734437444,0.522374651242,-0.070462580843,-0.142491029501,0.0392252561518,0.986505301807
1538079044200705678,898,1538079044200579395,map,-0.125149917626,0.395148176332,0.522881378437,-0.0632291243423,-0.140835930702,0.0353392885481,0.987379589187
1538079044303788295,899,1538079044303597769,map,-0.125649321095,0.392617222321,0.523152312799,-0.0570315110416,-0.137580343636,0.0325543834527,0.988311321351
1538079044400291396,900,1538079044400088454,map,-0.125529780131,0.389089069042,0.523536398699,-0.0543366976867,-0.132656057722,0.0270050451422,0.989303098737
1538079044505812368,901,1538079044505592279,map,-0.126613879865,0.383829132886,0.524148208375,-0.0446922562791,-0.141279652941,0.0258349177802,0.988622890144
1538079044604164472,902,1538079044603981393,map,-0.127735673754,0.377082632755,0.525223062027,-0.0358036212682,-0.141864054512,0.0179596571794,0.989075397255
1538079044716422873,903,1538079044716204057,map,-0.128271523256,0.370049015755,0.525741199434,-0.0392574706241,-0.137890621092,0.0151236763253,0.989553587245
1538079044799485145,904,1538079044799335699,map,-0.129274716828,0.36113902201,0.526601660597,-0.0278986733129,-0.142043427138,0.00807345580179,0.989434256606
1538079044900188137,905,1538079044900074012,map,-0.130607020426,0.351187472778,0.527365270837,-0.0245887091812,-0.146213936027,-0.000659824851419,0.9889471396
1538079045003205479,906,1538079045003042043,map,-0.131899546826,0.33997490488,0.527945568353,-0.0182908266487,-0.146328653473,-0.00591740218196,0.989049217777
1538079045118229040,907,1538079045117990241,map,-0.132672117936,0.328075969149,0.528305490588,-0.0173617943738,-0.141332630984,-0.0107855595296,0.989751144087
1538079045198391415,908,1538079045198229004,map,-0.133718896344,0.315312887801,0.528406997164,-0.0139582904455,-0.144673927446,-0.0166074140122,0.989241535038
1538079045304967754,909,1538079045304665620,map,-0.134914326131,0.300834151506,0.528656156149,-0.00289843248638,-0.145824548096,-0.0169734428092,0.989160605009
1538079045398763096,910,1538079045398672921,map,-0.13525713985,0.28549858727,0.529132478613,0.00223586944043,-0.137338574307,-0.0251823354158,0.990201477922
1538079045499661163,911,1538079045499515503,map,-0.13605536996,0.269711826402,0.529379952317,0.00241601683497,-0.138027438411,-0.0311492006962,0.989935511235
1538079045599678735,912,1538079045599518940,map,-0.137589949513,0.252247634848,0.529621126446,0.0179470917388,-0.13936807189,-0.035533541418,0.989440149716
1538079045699616808,913,1538079045699466972,map,-0.138398449812,0.235713805739,0.530258620869,0.0109538154706,-0.134397573295,-0.0405776193099,0.990035738259
1538079045767715642,914,1538079045767569776,map,-0.139291280289,0.218166654637,0.531172135861,0.0197306050903,-0.133535144813,-0.0456867713358,0.989793810471
1538079045918904886,915,1538079045918691148,map,-0.139852310984,0.200237952022,0.532349172886,0.0271024361625,-0.13391373343,-0.0532518499133,0.989189976917
1538079045997684165,916,1538079045997505984,map,-0.142168641241,0.181438377523,0.532877127408,0.0382043270807,-0.152183731784,-0.0575837105837,0.985933394022
1538079046098564515,917,1538079046098385342,map,-0.145104280969,0.162950151753,0.533041591022,0.039421617705,-0.155445407603,-0.0643135161887,0.98496011744
1538079046200179207,918,1538079046200029494,map,-0.147027461023,0.144628488427,0.533486237055,0.0389519186099,-0.146431886447,-0.0700630750564,0.985967350464
1538079046266107714,919,1538079046265933962,map,-0.149677676977,0.12590416261,0.533692145432,0.0472918106308,-0.149969344542,-0.0721210856938,0.984921940736
1538079046407347714,920,1538079046407181486,map,-0.151877533849,0.107283695193,0.534080701879,0.0500426119421,-0.144446157469,-0.0775831332936,0.985196377384
1538079046499372153,921,1538079046499194893,map,-0.154084741067,0.0889659098553,0.534659117603,0.0523655457147,-0.143664586279,-0.0834053161964,0.98471411562
1538079046614693400,922,1538079046614421871,map,-0.156013717388,0.0708872869921,0.53574415733,0.0554014177392,-0.142695060771,-0.0877831910732,0.984308342903
1538079046698782535,923,1538079046698624910,map,-0.158862086004,0.0524438268596,0.536676020053,0.065296751804,-0.150567092396,-0.0931773923545,0.98203047735
1538079046801891224,924,1538079046801717046,map,-0.161876076301,0.035061169065,0.538163261074,0.0621800459651,-0.154341810647,-0.0999634026083,0.980978881276
1538079046866425798,925,1538079046866209564,map,-0.166006898918,0.0178238059414,0.540427091196,0.0696314678384,-0.16255965716,-0.103473619378,0.978784463834
1538079046996939037,926,1538079046996782556,map,-0.169643906689,0.00023038537955,0.541524156966,0.0797760295196,-0.164049804464,-0.106323096095,0.977455291052
1538079047098740315,927,1538079047098565338,map,-0.173294430948,-0.0169453867728,0.542558179404,0.0847848587057,-0.164872195356,-0.110565932813,0.976424017235
1538079047198154353,928,1538079047197982262,map,-0.177272557816,-0.0334066665034,0.543325745453,0.0850723833417,-0.170831190912,-0.109529598056,0.975490984558
1538079047300062642,929,1538079047299926077,map,-0.180981858304,-0.0491520699211,0.544461099791,0.0839981223566,-0.166945192203,-0.110953180491,0.976095799591
1538079047417845129,930,1538079047417593616,map,-0.184714273042,-0.0642109792029,0.54537422746,0.0856666192863,-0.169039947058,-0.115509975587,0.975061112022
1538079047499556393,931,1538079047499408258,map,-0.188194262915,-0.0787980652086,0.546342474123,0.0887360475733,-0.166979980187,-0.117756370384,0.974872831354
1538079047602967797,932,1538079047602807085,map,-0.192207187454,-0.0919027729397,0.547520960402,0.0837921621986,-0.1726144133,-0.120775078665,0.973959197425
1538079047666895073,933,1538079047666651553,map,-0.195653409331,-0.104557548002,0.549916271607,0.0851922048141,-0.16644902879,-0.122595985082,0.974683145179
1538079047766810836,934,1538079047766628921,map,-0.198780067504,-0.116214702588,0.550933569367,0.0883044576506,-0.172183813488,-0.122667261578,0.973400123315
1538079047898482602,935,1538079047898324580,map,-0.20173127022,-0.126580763905,0.552480112848,0.0886315601722,-0.17210314338,-0.122263399425,0.973435470764
1538079047985821726,936,1538079047985557536,map,-0.204995140345,-0.136023688484,0.554909642111,0.0869504626233,-0.175516113455,-0.123885635069,0.97277235795
1538079048067234584,937,1538079048066863799,map,-0.208089985329,-0.144680898154,0.557024422929,0.0907408823513,-0.177275692641,-0.12441241051,0.972039594451
1538079048165060909,938,1538079048164903191,map,-0.210715271592,-0.151783028056,0.55822369786,0.087275552567,-0.180294819316,-0.119106677402,0.972466120464
1538079048301415166,939,1538079048301217268,map,-0.213173995091,-0.158437434823,0.55876404074,0.0882953793762,-0.179937312768,-0.120470722141,0.972272232742
1538079048368722893,940,1538079048368594831,map,-0.214926220837,-0.164172737651,0.559557199614,0.0845534309479,-0.174502065483,-0.12388438752,0.973166175422
1538079048502173087,941,1538079048502004093,map,-0.216462772058,-0.170068812462,0.559743388694,0.0908151511796,-0.174536658183,-0.119786329451,0.973108831808
1538079048568917806,942,1538079048568743700,map,-0.217871831906,-0.174383829323,0.560589783532,0.0838940537259,-0.176031808886,-0.121774751879,0.973214005147
1538079048666016105,943,1538079048665833808,map,-0.218525954137,-0.178393924838,0.561449554748,0.0857564382577,-0.172628616496,-0.119005447946,0.974003540765
1538079048799500938,944,1538079048799344512,map,-0.219251007103,-0.181546848425,0.562244019315,0.085497119205,-0.173055958387,-0.118126163778,0.974057537985
1538079048866095990,945,1538079048865925370,map,-0.219852526976,-0.184950264521,0.562607092282,0.0914520065173,-0.174598468872,-0.116162211038,0.973477398761
1538079048973305512,946,1538079048972960075,map,-0.220072805176,-0.187842112606,0.56292406169,0.0923324980627,-0.174249811883,-0.116310757018,0.973439017434
1538079049067646047,947,1538079049067448312,map,-0.220744675727,-0.190572193696,0.564964025903,0.0885677791061,-0.175084514199,-0.118441240848,0.973382162287
1538079049203282021,948,1538079049203078040,map,-0.22111111984,-0.192464251675,0.565563100676,0.086854905134,-0.178418082321,-0.117525138559,0.973042165151
1538079049301770547,949,1538079049301611212,map,-0.221023102739,-0.194594956946,0.566181949641,0.0904366673713,-0.174970527585,-0.115923511785,0.973533904436
1538079049366228510,950,1538079049366023382,map,-0.221009046229,-0.195870287322,0.566784792308,0.0852602123494,-0.174738276326,-0.118076540757,0.973783939845
1538079049465748098,951,1538079049465602623,map,-0.220575480735,-0.197428768965,0.567134879171,0.0891343417231,-0.17194875825,-0.117606718932,0.973990427737
1538079049567213992,952,1538079049567016854,map,-0.220530522383,-0.198772153468,0.566721496111,0.0910213667303,-0.176044004055,-0.116533457298,0.973213015103
1538079049698560265,953,1538079049698357287,map,-0.219461448641,-0.199644986979,0.56710431953,0.0870354608724,-0.166114780876,-0.11603898089,0.975379753244
1538079049770000550,954,1538079049769851737,map,-0.219192594582,-0.200833548,0.566582139154,0.0924269239157,-0.172349811523,-0.118441611417,0.97351137173
1538079049866530597,955,1538079049866350305,map,-0.218531312213,-0.202206261448,0.567106908664,0.0916336945443,-0.165733449989,-0.11753902523,0.974843714206
1538079049970033373,956,1538079049969859313,map,-0.217569342157,-0.202328761434,0.567071616804,0.0850351315483,-0.165996456029,-0.116493924319,0.975522100511
1538079050068765562,957,1538079050068587436,map,-0.217790650176,-0.20188732299,0.566724812577,0.0823145953951,-0.176594844231,-0.115996762772,0.973952421529
1538079050168325612,958,1538079050168120448,map,-0.217150314483,-0.201986248475,0.56653544821,0.0856476805762,-0.169634762747,-0.116012841388,0.974899760341
1538079050300401850,959,1538079050300242804,map,-0.216559034453,-0.202092965191,0.566175212745,0.0849668659566,-0.169295250285,-0.114584103851,0.975187281021
1538079050368234605,960,1538079050368048939,map,-0.216000271594,-0.202109418781,0.565837711827,0.08509669871,-0.167805905244,-0.116788308705,0.975171893044
1538079050477460149,961,1538079050477261710,map,-0.215179906974,-0.201963926321,0.564951985583,0.0820412443806,-0.166658631615,-0.116073942766,0.975715621756
1538079050566931351,962,1538079050566789425,map,-0.214352538302,-0.201038635114,0.564229368094,0.07535504954,-0.165181795981,-0.113409252433,0.976818781683
1538079050700900643,963,1538079050700697003,map,-0.212964644745,-0.199782212764,0.563740685335,0.0699395877365,-0.163637710209,-0.11445118164,0.977359749983
1538079050767611961,964,1538079050767431842,map,-0.211635180501,-0.198185194737,0.563159991817,0.066426824782,-0.165666715321,-0.112274894294,0.977515403713
1538079050902551142,965,1538079050902372734,map,-0.210170823523,-0.195805284707,0.562733995746,0.0580707824168,-0.165103419724,-0.110312551,0.978365875385
1538079050966987624,966,1538079050966791183,map,-0.209028971462,-0.193448246786,0.562938700992,0.0562517583718,-0.167360645586,-0.107915578799,0.978355958658
1538079051066500267,967,1538079051066328864,map,-0.205992062114,-0.190031060123,0.562926022728,0.0487864717021,-0.156041516261,-0.103626542828,0.981087389076
1538079051163691747,968,1538079051163541067,map,-0.202593309126,-0.185538846444,0.562988674677,0.0392028136521,-0.154611339457,-0.098925084615,0.982228232514
1538079051265232504,969,1538079051265075696,map,-0.199204255847,-0.181138644476,0.562778733655,0.0382171262076,-0.153812161347,-0.0973160312889,0.982553235372
1538079051413691512,970,1538079051413437165,map,-0.195595870881,-0.175625619178,0.562800388158,0.0270477581913,-0.152710689389,-0.0948197199789,0.983339760625
1538079051464665289,971,1538079051464555146,map,-0.192153799659,-0.170202495115,0.56231995959,0.0221195928963,-0.152839655056,-0.0875618124029,0.984115690588
1538079051565205468,972,1538079051565088867,map,-0.187859900562,-0.164639862979,0.56211575315,0.00899359911942,-0.145673188388,-0.0848417663462,0.985647153926
1538079051666095094,973,1538079051665917807,map,-0.182532015386,-0.158137495227,0.562158024843,-0.00369084981168,-0.135162082573,-0.0838459916432,0.987262598678
1538079051765187337,974,1538079051765045760,map,-0.176218783239,-0.150348210663,0.562516354807,-0.0174156492368,-0.126122948632,-0.0791478098139,0.988698802058
1538079051865727905,975,1538079051865541736,map,-0.170397468745,-0.141878539686,0.562575422887,-0.019318188473,-0.128071817415,-0.0669263395305,0.989315562525
1538079051965709597,976,1538079051965498309,map,-0.163408964095,-0.133442081002,0.562595035343,-0.0232223191605,-0.114663892876,-0.0557670633651,0.991565908151
1538079052101846464,977,1538079052101612119,map,-0.157323141513,-0.123797865404,0.562866467174,-0.0328280117507,-0.116403392268,-0.0495843395444,0.991420175902
1538079052169564696,978,1538079052169364024,map,-0.150615096224,-0.115047357138,0.563106764347,-0.0261209006947,-0.0993647548748,-0.039535371076,0.993922179282
1538079052262984167,979,1538079052262853793,map,-0.146746276396,-0.105563445709,0.563022331036,-0.0345788814498,-0.116393711644,-0.0409955380701,0.991754087819
1538079052365127563,980,1538079052365014666,map,-0.141742597064,-0.095748377748,0.563333398513,-0.0390410190098,-0.101703978444,-0.0444830528812,0.993052545241
1538079052467250214,981,1538079052467062472,map,-0.13413725735,-0.0862766936718,0.564377890462,-0.0365394983121,-0.0658253939438,-0.0432041423663,0.996225518975
1538079052565851198,982,1538079052565674933,map,-0.129232509365,-0.078343466419,0.565701766278,-0.0212166767146,-0.0817692514349,-0.0555201049661,0.994877459838
1538079052664748889,983,1538079052664528161,map,-0.123679683573,-0.0710910570772,0.567197627248,-0.0167000419285,-0.0659875492516,-0.0554903144971,0.996136324476
1538079052765222257,984,1538079052765077219,map,-0.118732796208,-0.0646124238709,0.568991343231,-0.00936849111471,-0.0690580377952,-0.0623341293209,0.995619242036
1538079052882347679,985,1538079052882003990,map,-0.114495752114,-0.0580520821636,0.570242678795,-0.0140706769658,-0.06297434725,-0.0653489981139,0.995773948285
1538079052965953481,986,1538079052965781759,map,-0.108030008253,-0.0534090961261,0.572167571868,-0.00388957790606,-0.033950917552,-0.0704584941698,0.996929188549
1538079053067289933,987,1538079053066993301,map,-0.102599913811,-0.0515822896342,0.572389264237,0.00441906527846,-0.0350101779809,-0.0749313649555,0.996564122295
1538079053167451847,988,1538079053167002046,map,-0.0966165513962,-0.0482245131433,0.572743765379,-0.0139691455994,-0.021534623144,-0.0792329782989,0.996525593313
1538079053301195133,989,1538079053300978871,map,-0.0952433271553,-0.0510331036092,0.571372323235,0.00158734074263,-0.0705706948957,-0.082250806083,0.994108677293
1538079053398121063,990,1538079053397945867,map,-0.0860126994747,-0.0507522514205,0.574808460352,-0.00188872871704,0.0111864218925,-0.0890110426654,0.995966029015
1538079053498051783,991,1538079053497882107,map,-0.0769100022422,-0.0518803232403,0.573801806256,0.0105685999721,0.0126632546078,-0.0755422397158,0.99700617686
1538079053565600997,992,1538079053565426711,map,-0.0691564928605,-0.0481810089147,0.572969975489,-0.0133445593938,0.00648002799005,-0.0749037446024,0.99708041853
1538079053665696457,993,1538079053665505809,map,-0.0627128315615,-0.0479058154956,0.570890176086,0.0174911415482,-0.00193106071074,-0.0650765811689,0.997725097186
1538079053771316338,994,1538079053771144760,map,-0.0577161910284,-0.0484691030993,0.568309819421,0.0195789380577,-0.0218740072404,-0.0631201093781,0.997574079848
1538079053864852451,995,1538079053864666975,map,-0.0532878492636,-0.0505492900058,0.565337313585,0.0298082067065,-0.0293197557005,-0.075524156851,0.996266994571
1538079053967144296,996,1538079053966969925,map,-0.0477610667156,-0.0500724120952,0.564070490204,0.00329367248575,-0.0157003014669,-0.0716679839957,0.997299529893
1538079054069560893,997,1538079054069344119,map,-0.041561616523,-0.051018999377,0.561777845008,0.0205953092952,-0.00447851221638,-0.0693770351668,0.997367837438
1538079054164336526,998,1538079054164170298,map,-0.0374396516554,-0.0495913601119,0.560333848227,0.00408450488527,-0.0243332460503,-0.0694323597119,0.997281483525
1538079054264779535,999,1538079054264591293,map,-0.030965854828,-0.0474741029431,0.559344148082,-0.00435054943421,0.00400383321241,-0.0709871875842,0.997459704067
1538079054363819793,1000,1538079054363637282,map,-0.0275578304864,-0.0474651990167,0.558385255869,0.0211909049987,-0.0143337032566,-0.0745759608374,0.996887113249
1538079054463828880,1001,1538079054463656681,map,-0.0231914049405,-0.0448170145245,0.558406582145,0.000992187222435,-0.00194812293468,-0.0780480967669,0.996947197685
1538079054566132038,1002,1538079054565906285,map,-0.0214147736614,-0.04175354648,0.557884232902,0.00151393620296,-0.0106989588994,-0.0810421043111,0.9966521046
1538079054664998032,1003,1538079054664874010,map,-0.0178664228933,-0.0389804184514,0.557981290528,0.00816548582857,0.000975125427122,-0.0883703623543,0.996053740031
1538079054767805988,1004,1538079054767630483,map,-0.0158233041087,-0.0366502958195,0.556488496732,0.0149414276932,-0.00963492006957,-0.0791482157933,0.99670431021
1538079054869292756,1005,1538079054869053830,map,-0.0140424944444,-0.0341512353366,0.554979079388,0.0117570981943,-0.0134791157111,-0.0757389204519,0.996967251223
1538079054965181770,1006,1538079054964943375,map,-0.0111886470197,-0.0309544384094,0.553334192023,-0.00257420187049,0.00508334770345,-0.0720158882206,0.997387209114
1538079055079046449,1007,1538079055078777667,map,-0.00753294568026,-0.0291593206304,0.551434141571,0.00418393581792,0.0177398471081,-0.0678916199845,0.997526200378
1538079055165082452,1008,1538079055164945554,map,-0.00556957148195,-0.0279909594251,0.549744757957,0.0148322858679,0.00122511094802,-0.0655333120995,0.99773938852
1538079055266607376,1009,1538079055266409095,map,-0.00404096630473,-0.0271061530301,0.548230085662,0.00702634736341,0.00251055168037,-0.061784629418,0.998061614902
1538079055377366585,1010,1538079055377037934,map,-0.00258647057368,-0.0254995222509,0.546351572966,-0.00655655162375,0.0093780427426,-0.0681456193208,0.997609762639
1538079055464758120,1011,1538079055464637302,map,0.000464082164235,-0.0251362382645,0.544127717733,0.00974336779867,0.0250372754545,-0.0599696815001,0.997838583601
1538079055564960876,1012,1538079055564808480,map,0.00380429250948,-0.0237242472766,0.541876310456,0.00284994002218,0.032882289287,-0.0480900408017,0.998297541252
1538079055709032192,1013,1538079055708820005,map,0.0057149670082,-0.0204711693275,0.539422412184,-0.00965693269979,0.0239975301641,-0.0393621331956,0.998890126424
1538079055765482602,1014,1538079055765338779,map,0.00615937447733,-0.0166663730874,0.536855030295,-0.00785922706085,0.0137873410141,-0.0313272963174,0.999383180909
1538079055866440820,1015,1538079055866262023,map,0.00639741801681,-0.0123562459309,0.534233330465,-0.0146928658686,0.0145982141963,-0.0298001837794,0.999341263474
1538079055976105149,1016,1538079055975931645,map,0.0045502824531,-0.00628172802275,0.531146650357,-0.00860073610365,-0.0153545415592,-0.0219033056173,0.999605177355
1538079056067547970,1017,1538079056067339919,map,0.00722923224719,-0.00221646256511,0.528865868989,0.0031365893063,0.0304995243543,-0.0158476066998,0.999404219615
1538079056166017564,1018,1538079056165845661,map,0.00693239967827,0.00336842443473,0.525857155439,-0.0164604100739,0.0028507689614,-0.0214573408884,0.999630186888
1538079056266986407,1019,1538079056266782880,map,0.0111348913087,0.00735700921897,0.523605234548,-0.0118121948587,0.0450568236935,-0.0209414295408,0.998695054168
1538079056368001518,1020,1538079056367854550,map,0.0124176869204,0.0111754894687,0.522101605523,-0.0336561191497,0.0289648232011,-0.0286091043992,0.998603937408
1538079056465907897,1021,1538079056465713352,map,0.0117495090914,0.0136125125286,0.521610638439,-0.0240350752003,0.00645884557493,-0.0330472115925,0.999143873664
1538079056568049660,1022,1538079056567861942,map,0.0109365735875,0.0149871433282,0.521458686854,-0.0185208613615,0.00501113231448,-0.0341532063524,0.99923241778
1538079056667331342,1023,1538079056667136402,map,0.0101017380594,0.0167585466152,0.521374857544,-0.0189435848305,0.00181199786237,-0.0341694752681,0.999234859389
1538079056766672926,1024,1538079056766506089,map,0.00994868654747,0.018432775884,0.521106901418,-0.0173377041742,0.00977184168511,-0.034722639142,0.999198805771
1538079056900343341,1025,1538079056900169792,map,0.00983958800818,0.0198868336578,0.520866663367,-0.0112226526088,0.00753232191571,-0.0326945346493,0.999373995859
1538079056981441762,1026,1538079056981209153,map,0.0088592019634,0.0212203246805,0.520894728755,-0.00868982300876,-0.00338297579689,-0.0285676254308,0.999548364627
1538079057081267920,1027,1538079057081075205,map,0.00846085615705,0.0220812981523,0.520938210914,-0.0068212722494,0.00241454058556,-0.0307129604434,0.999502053174
1538079057165392082,1028,1538079057165236470,map,0.00696618482788,0.0240346544812,0.520838193271,-0.0129350813805,-0.0102522081845,-0.0303708206343,0.999402416022
1538079057266902710,1029,1538079057266732744,map,0.00593101164394,0.0253116893165,0.520907113119,-0.00839161786826,-0.00670830736391,-0.0315459538107,0.999444561824
1538079057373013123,1030,1538079057372800024,map,0.00600086256671,0.0259958344605,0.521073496047,-0.00573719195764,0.00371524701893,-0.0313457605114,0.999485229939
1538079057465608799,1031,1538079057465232487,map,0.00588175619256,0.0264104121161,0.521296756272,-0.00591913022366,0.00272912370819,-0.0328631510067,0.999438606962
1538079057565470361,1032,1538079057565283599,map,0.00456289650902,0.027684022449,0.52172148139,-0.0133984567587,-0.00913985888932,-0.0348123296762,0.999262250882
1538079057665942013,1033,1538079057665762220,map,0.0040699553595,0.0283333574606,0.522283628393,-0.00786403800119,-0.00378633657672,-0.0329664180248,0.999418348763
1538079057768181784,1034,1538079057767980973,map,0.00388784782215,0.0291282355649,0.522593368073,-0.0108844207609,0.00096990149681,-0.0345131071634,0.999344502216
1538079057865559493,1035,1538079057865366048,map,0.00387905497838,0.0300167830628,0.523458435742,-0.00707093746618,0.000743261766598,-0.0333548886008,0.999418281207
1538079057969143543,1036,1538079057968955233,map,0.00344994931206,0.031445175283,0.523300943425,-0.0149302955565,0.000447989814995,-0.0298317665072,0.999443320697
1538079058067721299,1037,1538079058067534665,map,0.00271375901264,0.0315123634114,0.523756883872,0.0010453018169,-0.00484776115426,-0.0314396175352,0.999493350156
1538079058164354743,1038,1538079058164190688,map,0.00285522348517,0.032296239021,0.523507751682,-0.00726998241792,0.00266084336799,-0.028799108211,0.999555240412
1538079058266692486,1039,1538079058266482524,map,0.0025058777061,0.0334160995593,0.523342720069,-0.00857189828373,-0.00327955595524,-0.0276606200843,0.999575238373
1538079058366907228,1040,1538079058366665395,map,0.00216019743434,0.0348233504728,0.523235292407,-0.00872707977467,-0.00377610607311,-0.0276873202099,0.999571403853
1538079058466654499,1041,1538079058466468805,map,0.00161041533644,0.0373083325115,0.522955418406,-0.0183275482412,-0.00728305441501,-0.025498144571,0.999480316323
1538079058566362323,1042,1538079058566196759,map,0.000587173212772,0.0393573391285,0.522710943695,-0.0111819268104,-0.0135262688174,-0.0221661216974,0.999600253908
1538079058666103460,1043,1538079058665933085,map,-3.346108359e-05,0.0402516830626,0.522698758843,-0.00194174099291,-0.0107714248643,-0.0208205359633,0.999723317389
1538079058767895959,1044,1538079058767688175,map,0.000522378282343,0.042169498097,0.522500026662,-0.00973176811528,-0.00142625936891,-0.0211744279252,0.999727413886
1538079058878084500,1045,1538079058877808164,map,0.000289522796482,0.0426877578814,0.522521062307,0.000197853681361,-0.00928897131064,-0.0198672780138,0.999759454634
1538079058965008087,1046,1538079058964760812,map,0.000502697670761,0.0445618866743,0.522153656682,-0.012852332149,-0.00632054041377,-0.020352792751,0.99969026811
1538079059064799666,1047,1538079059064633714,map,1.64362195968e-05,0.0455934188483,0.521583825442,-0.00678322093681,-0.0115318220947,-0.0230481784465,0.999644830159
1538079059166661979,1048,1538079059166498062,map,4.27842421576e-05,0.0463429602865,0.52107028842,-0.00774635051073,-0.00500548641927,-0.021836283913,0.999719018457
1538079059265716863,1049,1538079059265548711,map,0.00110319816769,0.0454968109584,0.520671778523,0.00660693383636,0.00707857039945,-0.0233350048132,0.999680808967
1538079059366229162,1050,1538079059366052634,map,0.00150993835393,0.0451293892215,0.520377755535,0.00413259003527,0.00169122712994,-0.0241598287075,0.999698136503
1538079059467252188,1051,1538079059467056579,map,0.00123824261379,0.0456657701031,0.520214015318,-0.000847993472218,-0.00658786683618,-0.0218547668436,0.999739091005
1538079059567003196,1052,1538079059566844042,map,0.000962449939507,0.0460752544008,0.520242456903,-0.00125850186669,-0.00778775833514,-0.0233918977531,0.999695246619
1538079059670332349,1053,1538079059670127760,map,0.000497110813124,0.0449095811254,0.520553613691,0.0137517380033,-0.00935227504794,-0.0234365278747,0.999586991619
1538079059764356762,1054,1538079059764139270,map,-9.67965104325e-05,0.0450766300481,0.520309046527,0.000996376520975,-0.00937412249436,-0.0247193518538,0.999649982096
1538079059864859840,1055,1538079059864720712,map,-6.03350591769e-05,0.045793001002,0.520116532201,-0.00104225939032,-0.00485988787745,-0.0219315600924,0.999747118954
